10 20 22
0  76.9132 41   0.1253  -4.4233  -2.5760  -4.2695  -2.4046   0.4412  -0.3949  -1.3880  -3.8955  -2.1466  -0.4744  -0.2994  -2.7133   2.7826  -6.1881   1.5038  -3.6897   0.6355  -0.6760  -0.2317  -8.6910   0.5898  93.2140  54.4003  81.1100  66.1510  84.5364  89.6284  93.9431  63.5995  59.8946  75.3023  97.2528  56.1729  51.4857 113.2068 104.4541  95.4522  73.0682  71.4443  77.6940  76.9549  63.1490  49.9754 
1  58.4253 71  -1.3162  -6.9141  -5.1935  -7.9750  -4.5555  -1.9496  -0.6490  -3.0965  -5.3604  -4.0330  -0.8515   0.0313  -4.4980   1.3407  -8.1651  -1.0487  -6.0053   1.5220  -2.3990   1.3940 -14.2554  -0.0434  82.2394  37.5658  61.5653  54.6143  49.1606  59.4815  96.6801  54.5193  42.7788  57.5208  64.0867  39.1318  33.7865  71.7463  53.7521  57.0286  48.5334  64.8962  64.9903  87.1246  33.3614  70.7930 
2  48.8968 129  -1.9578  -8.4985  -8.5687  -6.4742  -4.8930  -2.1823  -0.2802  -3.7508  -5.3720  -3.2354  -0.9148   0.8923  -4.3141   1.5996  -6.6502   0.6240  -8.1979   0.1545  -5.0399   2.4825 -16.7536   0.5867  79.7409  40.0224  30.1933  74.4839  52.9227  36.1896  70.7399  45.9959  55.2581  48.2628  40.7290  25.3130  34.7041  81.2655  39.5270  30.9391  33.2690  33.4794  53.3904  88.8526  24.9673  55.4826 
3  42.3606 151  -3.0264  -9.3749  -8.3337  -3.8096  -4.9880  -1.5760   1.3600  -4.2712  -6.0712  -3.9217  -0.9911   2.5267  -5.1096   2.0479 -10.4773   2.2214  -6.0889  -0.1087  -7.1786   4.7128 -18.1821   3.0995  67.4938  33.4740  40.9932  87.5748  46.9109  40.6517  46.8698  41.2136  48.5279  42.2753  41.8342  20.7523  32.3063  45.9001  29.8388  22.2564  24.7674  20.7116  55.8103  58.6436  14.9719  68.1547 
4  33.6063 189  -3.5499 -11.1870  -9.8666  -4.3985  -4.6851  -3.3810  -1.8065  -4.4010  -8.2445  -3.0578  -3.4812   1.4921  -5.6681   2.2514 -10.1726   1.7715  -5.9090  -0.9768  -9.4538   7.7770 -19.9767   0.7016  44.6470  32.1644  18.4938  58.8406  42.3628  22.9960  37.4286  49.8351  36.4468  19.4344  28.0060  20.9393  26.3418  36.6448  30.6813  37.1267  12.8622  18.4057  53.2821  32.9382  16.1596  63.3018 
5  31.6755 143  -0.9856 -10.8577  -8.9064  -2.9464  -3.9855  -3.2474  -2.4931  -3.9007  -9.8694  -1.9371  -4.3501   2.2421  -7.2936   1.9373 -11.4428   2.5160  -5.4844  -1.5615  -9.6286   8.5223 -23.6313   1.7534  28.0696  48.1954  25.0610  66.2449  37.0927  25.5966  25.7930  39.9003  26.6057  26.2116  37.4850  16.6335  20.7570  22.7244  22.9465  39.8400  10.0163  14.2673  37.6827  25.6756  27.9524  72.1086 
6  25.0683 238  -1.7565  -9.0058  -8.0856  -3.1425  -2.7259  -3.8033  -2.9796  -4.7277  -9.9519  -2.0885  -6.7401   2.1992  -7.4198   1.6238 -10.7845   2.8086  -4.9813  -1.1206 -11.7184   7.8389 -26.6118   0.4277  23.0789  39.7463  17.8420  58.0849  28.6029  19.1051  29.6222  22.9303  17.3090  25.6773  25.2087  12.3226  17.2312  15.2140  16.9792  31.1132   7.7080  17.0705  34.8028  18.3391  21.4302  52.0832 
7  21.4081 171  -0.4793  -7.0592  -8.6126  -3.5553  -2.3175  -4.2602  -1.5102  -3.5298  -9.6081  -1.6642  -6.9299   1.1408  -6.9188   0.7076 -11.0801   4.6767  -4.5007  -0.0174 -13.2026   7.2925 -27.0609   2.6075  21.0666  31.0926  21.3870  51.9388  23.1673  12.4931  15.9415  15.7788  15.7880  18.9339  20.8399   9.9896  17.8751  13.9664  19.4143  22.6934   7.2984   8.3268  21.5403  18.2064  33.8902  49.3492 
8  17.1912 228   0.1604  -7.7062  -9.2773  -1.8852  -2.8853  -4.3309  -2.5181  -3.0873  -9.6162  -1.2963  -8.5706   1.0798  -9.2743   2.0327 -11.4930   4.7221  -4.1334  -1.0358 -12.4303   7.0672 -28.7718   2.3666  14.1554  30.8876  13.0295  35.2640  29.1196  12.5013   8.3063  16.6672  12.9982  12.4639  16.6285   9.6572  11.4261   9.1655  12.4454  18.1668   5.1654   5.8043  21.8322  13.4704  25.0921  43.9589 
9  14.3055 191   0.6085  -8.1646  -9.0410  -1.1292  -4.4247  -4.9793  -2.1069  -4.2900 -10.4881  -1.2713  -7.8613   0.6581 -10.5235   2.9995 -12.2563   4.5798  -4.1880  -1.1308 -12.9758   7.2719 -30.3735   2.6979   8.6664  24.6771  10.1253  23.3486  26.3198  11.8037   3.9993  18.1140   9.7009  13.9445  21.5678   5.6475  13.2858   5.4681  10.9039  13.6951   2.9340   4.2271  24.8358   9.9043  23.6450  27.9066 
10  13.5652 254  -0.2784  -9.3012 -10.7668  -2.4917  -5.8432  -5.4122  -1.5382  -4.4824 -12.5999  -1.1667  -7.5063   1.1770 -12.1185   3.3509 -13.2424   4.9486  -4.5368  -1.3628 -12.9718   6.5482 -32.2551   2.7255  10.9498  17.9935   8.7331  32.1160  19.8846  15.5606   3.2318  15.2602  11.1287   8.6100  13.2820   5.3164  16.6526   4.0560  10.5342  11.8428   4.2435   3.2282  24.5277   6.6386  30.1871  24.4571 
11  11.0145 235  -0.1171  -9.4497 -11.2323  -2.7046  -5.9465  -6.0986  -1.8134  -4.5982 -12.5996  -1.0915  -8.1802   0.9074 -12.4725   3.3241 -13.7396   5.6529  -3.9932  -1.2679 -12.3503   6.8162 -34.6346   1.1822  11.9207  15.7507   7.0706  22.8196  11.9626  11.2826   2.3588   9.3372   8.0337   5.7285  14.6806   4.7998  11.5847   4.7080  10.1356  12.0892   2.3794   1.6057  26.1337   7.3985  25.1908  15.3487 
12   9.6826 238   0.2221  -9.7414 -10.8374   0.0144  -6.0067  -6.3148  -1.8215  -5.4550 -12.9293  -1.0642  -7.4691   0.7762 -13.3376   2.3411 -13.7065   6.1848  -4.3767  -1.4464 -13.0579   6.4061 -35.7918   0.3992  10.1186  10.9900   6.3763  20.8612   8.2399  10.3173   1.3408   6.5516   7.0820   4.8569  22.9993   5.1623   9.5751   6.1631   6.9891   9.3898   2.3351   0.9710  29.5439   5.9756  20.0102   7.1678 
13   8.8980 271  -0.0139  -9.4258  -9.8945   1.0188  -5.4277  -6.8124  -1.7199  -5.1765 -12.5847  -0.7505  -7.7976   1.3793 -13.1237   2.2864 -13.4007   5.2959  -4.4937  -1.4431 -13.1387   6.3953 -36.3622  -0.0254   7.1771  12.2163   4.5454  25.9793   6.8152   8.7714   1.1805   5.2707   3.9201   3.7504  15.2909   3.7669  10.8676   5.2475   4.4567   9.0399   1.3664   1.3180  35.9472   7.1317  14.7379   6.9581 
14   8.0487 258   0.2394  -9.5698  -9.7133   1.2656  -4.8493  -7.0441  -1.7912  -5.2207 -12.3392  -0.7348  -7.5295   1.4503 -13.8842   2.6147 -13.7248   5.7792  -4.7060  -1.3126 -12.6677   5.6459 -37.0988   1.0171   3.6103  14.0548   2.6955  21.3315   5.5594   5.4429   0.8800   3.0237   3.1869   4.1806  15.1519   3.8365  15.6147   5.1509   5.1843   5.1800   1.2877   1.1581  39.9061   5.4185   8.8167   6.4007 
15   6.9740 288   0.2077 -10.0546  -9.5276   0.6412  -4.4018  -6.8227  -1.7901  -5.2631 -12.3367  -0.4356  -7.1700   1.3865 -12.8746   2.3746 -15.0078   5.0318  -4.9970  -1.1287 -15.7672   5.3602 -38.3098   1.4888   4.4890  10.6294   3.6317  15.7067   3.0864   4.1299   0.5189   1.5826   4.4675   4.6902   7.8928   3.5691  10.5064   5.1037   6.0112   5.1800   0.9162   0.7108  43.9752   2.4890   6.6729   7.4677 
16   7.8083 278  -0.0726 -11.3314  -9.0355   0.9608  -4.3932  -7.7733  -1.7178  -5.5114 -13.2700  -0.6264  -8.3656   1.4799 -13.6715   2.8559 -15.3927   5.0976  -5.3545  -1.0711 -17.7091   5.2621 -40.4375   1.1696   5.0883   9.0844   2.7813  13.5251   2.8581   4.8004   0.4991   2.0112   5.8836   5.1860  10.1700   3.5705   7.9063   5.1460   6.2929   4.6456   1.4131   1.0985  54.4112   2.1606  15.6114   7.6395 
17   6.9162 254  -0.0752 -12.0966  -8.7421  -0.2315  -4.1093  -7.6816  -1.8131  -5.5876 -12.8723  -1.0350  -9.6404   1.6479 -14.4523   2.5592 -15.5341   4.8968  -5.3435  -1.0730 -19.1364   5.4969 -40.2688   1.3465   3.4868  11.9219   2.1362  13.9920   2.2010   4.2250   0.5291   1.0121   8.1108   3.1947   8.2294   2.5524   7.4317   3.1001   7.5391   5.0908   1.1179   0.7189  39.3271   2.4398  18.5514   5.2491 
18   6.5861 275  -0.0773 -12.2821  -8.8064   0.7928  -4.5826  -7.4007  -2.0023  -5.6818 -13.5854  -0.3768 -10.4991   1.3554 -15.1257   2.2525 -15.6973   4.5581  -5.2591  -1.2703 -18.9243   4.9740 -39.8471   0.8787   4.9283  11.5331   2.0420  13.4085   2.1634   3.5718   0.4041   0.6685   6.7934   2.5619   5.6355   2.2937   6.0793   2.4694   6.3511   4.2546   1.0595   0.5523  41.4391   1.9277  19.9815   4.7743 
19   7.5694 278  -0.0981 -13.4838  -8.8447   1.8318  -5.0299  -7.2081  -2.0540  -5.8569 -14.2945   0.3309 -11.9190   1.3232 -16.4589   2.1510 -16.5263   4.7567  -5.7218  -1.3066 -20.6940   4.8657 -41.8810   1.6281   4.4053  11.5257   4.2905  16.3878   2.5593   4.0119   0.3212   1.0323   8.0913   1.7227   6.3872   2.4348   6.8621   2.2274   5.9083   2.8756   1.1262   0.5661  49.7630   1.7734  28.2936   3.9612 
20   7.4308 275   0.6542 -12.6921  -9.2943   2.1440  -4.8121  -7.4545  -2.0118  -5.7066 -14.3260   0.4277 -11.7910   1.6663 -17.0442   2.0943 -16.7504   4.5913  -5.8260  -1.5500 -23.4006   4.3569 -41.8570   1.5112   6.4029   8.3694   3.4904  16.8948   1.6289   4.4232   0.2389   0.9575   9.9990   1.0821   5.0401   2.3368   7.6323   1.9849   6.5912   1.6717   0.6142   0.4133  43.6222   1.0990  35.9652   3.0197 
21   6.3725 295   0.5175 -12.6475  -9.8362   2.4812  -4.5325  -7.6856  -2.0071  -5.7315 -14.0644   0.2691 -12.0070   1.7084 -16.3873   2.0381 -16.4295   4.4993  -5.9846  -1.4853 -24.5076   4.1619 -41.5929   1.3394   5.7758   7.3245   3.9215  20.3529   1.1750   4.2489   0.2797   0.8572  10.5921   0.6271   7.9847   2.0342   6.2522   3.5060   5.1554   1.3386   0.4323   0.5958  33.1405   1.4168  19.6961   3.4869 
22   6.9576 315   0.7651 -12.7092 -10.1235   2.1773  -4.2512  -7.5155  -2.2359  -5.7970 -14.0921   0.2989 -11.8626   1.5507 -15.3590   1.6699 -16.5453   4.3651  -6.0693  -1.6093 -25.3843   4.1189 -42.6063   0.5264   3.9229   7.2416   2.3562  16.4559   1.0096   6.0020   0.2108   0.7245  12.0992   0.6792  10.7286   2.4154   5.8182   3.8953   6.6291   0.9323   0.3946   0.3956  45.9943   0.9172  20.8850   3.3594 
23   6.0446 252   0.6921 -12.3496 -10.0181   2.1411  -4.3611  -7.7627  -2.3800  -5.5411 -13.2407   0.5844 -12.1573   1.1404 -15.4161   1.7303 -17.2700   4.3651  -6.2459  -1.6437 -25.3155   4.3242 -42.8591   0.4235   3.9038   8.2804   2.7738  10.5993   1.0594   6.3775   0.1644   0.4638   7.5287   0.6307   9.2118   1.9604   5.5394   3.9914   8.3727   0.5542   0.5233   0.2789  40.0070   0.7249  15.0860   4.9503 
24   5.7846 294   1.0718 -12.7549 -10.0293   2.4043  -4.3005  -7.8513  -2.4071  -5.5668 -13.4428   0.6978 -11.6951   1.3180 -14.7978   2.1151 -18.1280   4.2333  -6.5379  -1.6907 -24.8693   4.3491 -42.1437  -0.3634   2.5212   5.9382   1.7306  10.1905   0.7823   5.0786   0.2083   0.3403   8.8666   1.0280  10.8018   1.5079   8.4261   3.3476   6.7130   0.5315   0.5389   0.3714  41.4218   0.3387   9.4930   7.0840 
25   4.6640 283   1.1190 -12.4081 -10.3920   1.5298  -4.4188  -8.2331  -2.3228  -5.5164 -14.0262   1.0864 -12.1824   1.6180 -15.3580   2.1747 -17.7202   3.7760  -6.3648  -1.5969 -23.5043   4.4771 -41.4984  -1.4823   1.2639   4.5922   1.1193   8.9500   0.7419   4.0343   0.2118   0.2573   6.9530   0.9298  17.2064   0.9312   7.9248   1.7793   5.1523   0.5376   0.4446   0.2912  27.6560   0.2579   5.7929   5.5804 
26   4.3416 319   1.4492 -12.4916 -10.3990   0.7267  -4.2524  -9.0308  -2.3344  -5.4486 -14.5952   0.9704 -13.1043   1.6229 -14.8136   2.1862 -17.6591   3.9846  -6.5252  -1.6397 -24.3026   4.3545 -41.7279  -1.4359   1.3427   2.6914   0.9616   9.8399   0.3910   3.1317   0.2211   0.2182   8.3238   1.0064  14.4956   0.9323   7.3247   2.5646   4.9672   0.3993   0.3796   0.2855  21.5627   0.1828   4.3589   9.9351 
27   3.8243 326   1.4513 -12.5417 -10.0891   0.2431  -4.0712  -8.9289  -2.4426  -5.5901 -13.1315   1.0545 -12.5270   1.6434 -14.5982   2.5690 -17.3575   3.9485  -6.4175  -1.6453 -24.4039   4.3075 -41.8001  -2.5233   0.7339   1.8776   0.8364  13.5118   0.2736   2.0980   0.1624   0.2125  10.2277   0.7697   9.2665   0.9717   4.7885   1.6467   4.5516   0.3228   0.5727   0.4555  16.8094   0.1667   3.6725  10.2054 
28   4.6901 302   1.4886 -13.4954 -10.8334  -0.9710  -4.2649  -9.4480  -2.6527  -6.0870 -14.0356   1.1598 -13.2702   1.3977 -15.3985   2.8313 -18.3052   4.0829  -6.6989  -2.0109 -27.4361   4.5346 -43.8210  -2.6374   0.8926   3.0986   1.7490  13.0488   0.3794   4.8609   0.1613   0.5284   7.1605   0.5851  10.2280   1.1221   5.2955   1.4535   4.9869   0.3493   0.6593   0.4574  20.5396   0.2555  15.0096  10.3617 
29   4.0644 268   1.0698 -14.1472 -10.8097  -0.5934  -4.3327  -8.8388  -2.5729  -6.1054 -12.8823   0.9993 -13.8278   1.3387 -15.4760   2.8240 -18.1080   4.1138  -7.0150  -2.1020 -28.4552   4.6155 -42.6654  -1.8373   0.8963   3.1197   1.8336  12.4681   0.2385   5.1241   0.1237   0.6480   7.3185   0.4009   8.7021   0.8405   4.0254   1.6031   5.0257   0.2611   0.4276   0.3061  14.1204   0.2795  12.6170   9.0375 
30   4.0300 283   0.8783 -14.4190 -10.5809  -0.8232  -4.3475  -9.1091  -2.6681  -6.2147 -12.3517   0.8454 -14.4489   1.1104 -15.8484   3.0364 -18.0638   4.1346  -7.0605  -2.2376 -28.4288   4.5729 -42.9628  -1.3503   1.0448   3.3204   1.6811  11.8492   0.1683   3.6095   0.2098   0.6506   9.0211   0.3684   8.7490   0.4499   3.5950   1.1244   3.2524   0.2214   0.5149   0.2041  16.5596   0.3070  13.9227   7.8369 
31   3.4824 316   0.7679 -14.1533 -10.6817  -0.2342  -4.4158  -9.0607  -2.6854  -6.3798 -11.4988   0.8243 -14.8776   0.9407 -15.8717   2.7698 -18.2318   4.1890  -7.1453  -2.1844 -29.2510   4.9255 -43.0771  -1.0790   0.7199   2.9588   1.6586   9.8755   0.1855   4.3564   0.1790   0.7057   8.2611   0.3584   5.4803   0.3157   3.5022   0.8045   3.7603   0.1643   0.8884   0.1729  15.2174   0.2314  11.4957   5.3218 
32   2.7582 337   0.7991 -13.9157 -10.5422  -0.3462  -4.3348  -9.0851  -2.6795  -6.2771 -11.2954   0.8464 -14.8452   1.0629 -16.0196   2.5489 -18.3221   4.2618  -7.3459  -2.1688 -28.6691   4.9719 -43.2994  -1.6821   0.7289   2.6168   1.5020  10.0034   0.1730   3.2904   0.1524   0.5518   6.3288   0.3374   4.9686   0.3245   3.5412   0.5193   3.1363   0.1264   0.4831   0.1813   8.6773   0.2467   8.3707   4.4207 
33   2.6355 315   0.8685 -13.9958 -10.6761  -0.3543  -4.1988  -8.6423  -2.6232  -6.1876 -10.6336   0.7262 -14.6991   1.0582 -15.0645   2.4818 -17.9710   4.3590  -7.2028  -2.2297 -28.6984   4.8155 -43.0640  -1.2406   0.8072   1.6011   1.9093  14.6908   0.2145   3.2229   0.1447   0.3830   5.1515   0.3422   4.7423   0.2343   3.2798   0.4942   2.0903   0.1371   0.2634   0.2455   5.1784   0.2256   7.8310   4.7914 
34   2.3475 296   1.2986 -14.1204 -11.0403  -0.8456  -4.1708  -8.3357  -2.6834  -6.1675 -10.9286   0.8104 -15.6421   1.1965 -15.3637   2.5471 -17.6367   4.3475  -7.1508  -2.2450 -29.4181   4.7038 -42.9557  -1.7117   0.5599   1.8728   2.4974  10.8537   0.1762   2.7500   0.1101   0.2616   4.7029   0.2866   3.4014   0.1706   2.6121   0.3720   2.4078   0.1050   0.2091   0.2249   5.7199   0.2564   6.9716   5.1233 
35   3.3154 298   1.6194 -14.6124 -11.3778   0.1735  -4.4157  -8.4144  -2.8114  -6.4387 -12.6020   0.8913 -15.6816   1.2319 -16.1921   2.8504 -18.8628   4.6136  -7.5886  -2.3929 -31.3237   5.1854 -45.7733  -1.5427   0.6293   2.7931   2.3544   6.4706   0.3600   2.5602   0.1568   0.3916   5.7266   0.3079   5.6439   0.1717   3.1530   0.3850   4.6393   0.2031   0.5284   0.2235   9.8055   0.3794  20.6733   5.3826 
36   2.5750 293   1.5559 -14.3183 -11.0992   0.5370  -4.4701  -8.1428  -2.8950  -6.6057 -12.7776   0.8254 -15.3001   1.4157 -16.4996   2.7274 -18.6093   4.5558  -7.8821  -2.4481 -32.1980   5.0473 -45.0776  -1.2744   0.4645   2.4410   1.4870   6.5234   0.3043   2.0239   0.1839   0.6206   6.0137   0.3303   3.2911   0.1945   4.2152   0.3400   3.4211   0.1553   0.3795   0.2132   7.8730   0.2639  11.2104   4.7004 
37   2.3249 262   1.5097 -14.5096 -11.0694   0.3813  -4.3433  -8.1917  -2.9382  -6.6224 -13.1438   0.9284 -15.2360   1.5554 -16.1094   2.5516 -18.3172   4.6106  -7.7537  -2.4104 -32.5598   5.0007 -45.0054  -1.9628   0.4050   1.7314   1.4282   5.8781   0.3283   1.7327   0.1255   0.7981   3.6513   0.2432   1.6908   0.2411   3.8607   0.2474   3.8737   0.1265   0.4033   0.2180   6.7189   0.4300  12.5834   4.4324 
38   1.9645 349   1.3402 -14.3992 -10.9855   1.2797  -4.2389  -7.9781  -2.9124  -6.5883 -13.1023   0.8746 -15.0834   1.6498 -15.4506   2.7146 -18.0924   4.6418  -7.9686  -2.4498 -33.1046   5.1694 -44.7714  -2.2593   0.3384   1.9510   0.9225   5.6398   0.2772   1.1086   0.1236   0.5801   2.8368   0.3666   1.3435   0.3515   3.4780   0.2612   3.2021   0.0879   0.2800   0.2265   6.2743   0.4879   9.1802   3.9012 
39   1.9190 277   1.1441 -14.7527 -11.0736   1.0051  -4.1865  -7.5952  -2.8922  -6.4443 -13.1445   0.8233 -14.7840   1.6781 -15.0327   2.7284 -18.1062   4.6157  -7.9531  -2.4118 -33.3944   5.1698 -44.9195  -2.5442   0.2977   1.7474   0.8932   5.8711   0.4141   0.6229   0.1087   0.5271   3.5854   0.4367   1.3152   0.2697   2.5938   0.4370   3.9925   0.0602   0.1903   0.2464   7.0674   0.6401   7.2126   3.6881 
40   1.8331 281   1.0673 -14.4908 -10.9042   1.0215  -4.2448  -7.5353  -2.9534  -6.2438 -13.1496   0.8186 -14.8975   1.6516 -14.9865   2.9220 -18.3731   4.6398  -7.8640  -2.4068 -33.6248   5.0690 -44.7590  -2.2164   0.2191   1.8451   0.8968   5.4728   0.2983   0.5339   0.1411   0.4275   3.7864   0.3628   0.7071   0.4786   2.7044   0.5279   6.9016   0.0669   0.1062   0.1723   5.5121   0.9580   4.8104   3.3994 
41   1.5886 300   1.3482 -14.2419 -11.1704   0.1405  -4.2065  -7.4819  -2.8898  -6.2274 -12.6437   0.9674 -14.9979   1.5197 -15.2588   2.7650 -18.0973   4.5789  -7.8875  -2.4153 -33.0738   4.7883 -43.9962  -2.2879   0.1919   1.7936   0.5867   5.4363   0.3787   0.4259   0.0723   0.4925   3.3318   0.3482   0.5879   0.4154   1.6596   0.5657   6.2598   0.0474   0.0959   0.1162   4.4069   1.0192   4.4059   2.3116 
42   1.5693 322   1.3542 -14.0920 -11.1129   0.5988  -4.4125  -7.7041  -2.8924  -6.3933 -12.8547   1.1043 -15.0585   1.5552 -15.3789   2.8100 -17.9052   4.5984  -7.8590  -2.4471 -32.8809   5.0661 -44.1712  -2.0876   0.1319   1.3770   0.4803   6.9873   0.3892   0.3083   0.0794   0.4973   2.7306   0.1892   0.6581   0.3501   1.5267   0.5506   7.0415   0.0543   0.0812   0.1094   3.5942   1.2382   3.7609   2.3898 
43   1.4229 281   1.5156 -14.0246 -10.8573   1.3461  -4.6388  -7.7607  -2.9716  -6.3667 -12.6380   1.0120 -15.0238   1.7010 -15.1001   2.6407 -17.6552   4.5526  -7.9064  -2.4690 -32.9409   4.9361 -44.8236  -1.8002   0.1078   1.1896   0.4829   5.7739   0.4749   0.1833   0.0679   0.4329   2.3319   0.2067   0.5034   0.2290   1.1559   0.4608   7.4736   0.0494   0.0793   0.0925   4.1868   0.9059   2.9196   1.9952 
44   3.1473 294   1.5992 -14.7728 -11.4532   1.2793  -5.0703  -8.3210  -3.1767  -6.8398 -13.4702   1.1939 -15.9852   1.8159 -15.9466   2.9075 -19.8564   4.8063  -8.3286  -2.6407 -34.9373   5.0483 -47.8394  -1.8001   0.0934   3.5057   1.3353   4.8327   0.5767   0.5351   0.1161   0.6093   2.5757   0.3152   2.0569   0.1518   3.4156   0.5676  13.5152   0.1904   0.4943   0.1385  12.3985   1.2788  18.3862   2.1504 
45   3.0071 312   1.6785 -14.7044 -11.9675   1.7293  -5.0278  -8.3142  -3.1664  -6.6016 -13.2281   1.0931 -15.8675   1.8295 -15.4847   2.7700 -20.4889   4.8497  -8.2475  -2.5969 -35.1730   5.2427 -47.8720  -1.4946   0.0604   2.7988   1.4058   5.6034   0.4511   0.5174   0.0724   0.6320   2.1700   0.2550   1.9318   0.2364   3.4452   0.5602  12.7571   0.1537   0.2798   0.1605  15.9495   1.1334  14.1674   1.4156 
46   2.9423 297   1.7320 -14.0587 -11.9306   1.8488  -5.2378  -8.2717  -3.1873  -6.6916 -13.2268   0.9940 -15.6658   1.8727 -15.5384   2.5027 -20.6653   4.9551  -8.1578  -2.6260 -36.4511   5.2395 -46.9819  -1.4275   0.0734   3.0325   1.6374   3.7569   0.4116   0.6327   0.0624   0.4421   2.3066   0.2262   2.2806   0.2037   1.9581   0.7249  11.0247   0.1478   0.3913   0.1368  19.7447   0.9430  11.9783   2.6154 
47   3.0205 297   1.7500 -13.4640 -12.0898   2.1330  -5.2488  -8.3517  -3.1644  -6.6395 -13.0007   1.0250 -16.1706   1.7916 -15.4300   2.2343 -21.0699   4.8266  -8.0811  -2.6442 -36.4076   5.2425 -46.7647  -1.6220   0.0692   3.7959   1.4137   3.4829   0.3202   0.4077   0.0738   0.2800   1.4014   0.3711   2.1743   0.2437   1.5989   0.6035  12.1981   0.1799   0.3173   0.1114  18.4889   0.9073  15.3371   2.6744 
48   2.8143 280   1.6686 -13.0231 -12.0321   1.5511  -5.2713  -8.3492  -3.1871  -6.6930 -12.6932   1.0788 -15.7355   1.9684 -15.3988   2.2120 -20.6475   4.8166  -8.0984  -2.6157 -37.0974   5.1749 -46.5491  -1.6703   0.1072   2.9920   1.1647   3.9072   0.4090   0.4659   0.0571   0.2713   1.2734   0.2782   1.5972   0.1905   1.2432   0.8790  11.0515   0.2280   0.2807   0.0727  12.0096   0.8700  20.5272   2.0381 
49   2.1730 267   1.7538 -13.4234 -11.7786   2.0182  -5.4255  -8.1779  -3.2029  -6.5534 -12.8591   1.1260 -15.8305   2.0426 -15.4260   1.9347 -21.3770   4.5981  -8.1764  -2.5557 -36.8945   5.1199 -49.0432  -1.8169   0.0989   2.6700   0.8794   2.7338   0.2636   0.3391   0.0310   0.1916   1.5367   0.2193   1.9646   0.1054   1.1478   0.7314   7.4648   0.2657   0.2025   0.0721  11.0233   1.2843  12.6414   1.9396 
