10 20 22
0  86.8958 30  -1.0158  -5.3744  -1.3421  -2.8057  -4.3379   0.2987  -2.3769  -5.0857  -2.2385  -1.6359  -1.6644   3.6419  -3.4982   0.4012  -2.0401   2.3153  -6.2432  -0.0385   1.0487   3.1008  -6.5772  -0.0807 122.9662  76.0196  79.8150  90.9923  70.2821  66.5822 100.0075 153.6658  97.7610 102.7141  72.8903  52.7505  62.5310  84.4789 125.6523  63.8008  91.4946  69.5980  75.3979  82.1507  95.7035  74.4544 
1  76.4443 59   0.8801  -5.7628  -4.4310  -6.8191  -3.6330  -0.3770  -4.4644 -11.3851  -2.3752   0.2141  -2.3211   2.7443  -4.6066   0.3721  -4.7438   1.8910  -7.0552   0.3255   0.5370   5.4182 -13.3079  -0.8129  95.9569  92.3063  82.4191  92.9449  59.2311  77.4610  70.0117 150.4729  57.2197  70.9819  78.1534  46.9502  56.5710  54.4066 134.9173  45.4740 110.0108  56.9088  70.6285  46.1113  64.8305  67.8067 
2  60.0175 86   0.9445  -7.7240  -5.3559  -7.2026  -4.4334  -2.7157  -2.6734 -12.8001  -1.9395  -1.5443  -1.7888   3.4051  -5.3659  -1.6904  -8.4725   2.7703  -9.8898  -1.0046  -0.0873   6.6542 -16.4348   0.2923  54.6601  53.8718  65.3511  93.6132  31.6372  67.4034  68.7416 118.6946  82.2674  66.5988  46.8382  37.3799  46.5349  37.2983 122.1081  41.3257  85.3956  32.3296  39.2584  28.8457  43.4547  56.7761 
3  51.3458 135  -0.2483  -6.9372  -6.7989  -9.7834  -4.3264  -3.1264  -3.4665 -10.4476  -4.9932   1.1874  -1.4322   1.8150  -7.1328  -1.5249  -8.9107   4.8149 -11.3807  -0.7950   0.4978   6.4216 -19.1102  -1.0149  35.9034  66.7077  49.3604  75.2385  29.8222  54.4637  94.4147 112.5631  59.3330  42.7873  38.6144  24.3723  24.3527  21.5331 128.1676  34.1155  77.9200  17.8540  45.5882  30.5774  31.5617  34.3566 
4  46.5750 111  -2.8179  -8.3134  -5.7884 -10.9574  -4.3259  -5.1930  -4.3306 -10.3063  -7.1235   0.9228  -2.1474   2.8436  -7.2192  -1.3075 -11.4758   6.6471 -10.8434   0.6712   1.4265   5.8109 -23.1463  -2.6145  61.2139  76.6281  37.4800  57.9256  19.0744  50.9510  64.7609  69.8245  41.5434  43.9715  32.0935  18.5695  20.2891  28.8269 130.3251  25.2521  93.3321  11.6884  35.7898  31.1535  35.4322  38.5255 
5  36.5590 137  -2.6141  -5.7512  -6.3745  -9.5680  -3.1794  -6.8206  -3.3825 -10.2554  -9.4756   0.5583  -3.8073   3.2940  -7.8827   0.8223 -13.0552   6.9318 -11.6682   0.1860  -0.2532   7.4848 -26.1896  -0.8931  77.3406  46.3191  40.0623  45.2520  16.3946  32.8611  56.2169  43.8417  21.1373  30.0553  31.2734  10.4708  21.7547  21.8031  84.8929  17.2471  73.3634  12.0434  23.5450  45.1099  24.4241  28.8898 
6  31.3556 193  -0.8781  -6.3921  -4.3974  -8.4426  -2.8603  -7.8682  -1.1973  -9.2406 -10.5794   0.6841  -4.8326   2.4916  -7.6405   0.6320 -17.1599   5.8944 -10.1594   0.2339   0.0791   5.7276 -27.4714  -0.7486  51.1057  70.8038  32.1277  33.1949  17.1624  37.4708  33.8615  37.6589  18.9333  26.1570  31.4569   8.6368  18.2574  15.1219  77.4577  12.7934  62.7229   7.4673  15.6749  25.1198  17.3498  39.2887 
7  31.6247 240  -1.4954  -9.6543  -6.1108  -9.2334  -3.0469 -10.6573  -2.9822 -12.2373 -11.3131   1.7493  -4.7009   2.8818  -9.3071  -0.1658 -16.2352   5.4767 -12.9173   1.0287   0.8230   4.3450 -29.4102  -3.0010  38.4733  66.3872  22.8148  35.3807  17.8249  33.1589  57.0936  32.1850  12.7127  19.7725  36.1170   7.1501  19.3662   9.4162  87.6976  20.7986  81.6282   5.4509   8.9884  26.8200  20.2566  36.2500 
8  24.7419 195  -0.7761 -10.3620  -5.7837  -7.0586  -2.9783 -10.8491  -1.3857 -11.5526 -11.9899   2.5700  -3.8319   2.9104  -9.4495   0.6265 -17.5499   5.0125 -12.3337   1.0039   0.2683   5.0041 -30.1298  -1.7567  23.9224  45.1871  19.5841  23.2598  16.3443  22.9721  55.1467  28.7305   9.8177  14.4469  34.5015   6.2085  17.8825   8.6137  62.9703  14.5558  65.6395   6.4188   7.7115  14.0868  16.3996  29.9211 
9  18.7474 226   0.0602  -8.1944  -5.1880  -6.5116  -2.1384 -12.1395   0.5627 -11.5437 -12.3378   2.4676  -4.4314   3.5656  -8.5416   1.5238 -18.5628   4.8527 -11.4547   0.4530  -0.3680   4.6393 -30.6557  -3.2143  13.5159  25.8316  16.1318  23.6354  17.0648  14.7494  31.1773  20.5478   9.9391   9.6780  23.3167   3.9047  16.2002  11.0246  48.3522  10.2682  42.4848   3.7593   7.7023  14.6642  13.2673  35.2269 
10  15.5286 214  -0.4606  -8.9824  -5.2616  -6.6402  -0.8111 -12.5026  -1.3837 -10.9767 -13.3862   2.9744  -4.7602   3.1707 -10.1159   2.8811 -18.8067   5.0126 -10.1185   0.4176   0.2652   4.1136 -31.9404  -3.2500   9.5095  24.4409  10.5310  18.5707  13.4884   9.2257  24.5841  12.6651  12.0124   7.5261  15.3510   2.3406  15.9470  17.3961  30.6163   6.7994  54.3871   2.7394   5.9526   8.3756  11.6355  27.5340 
11  15.4431 275   0.1315  -9.5407  -4.5627  -9.2725  -1.9950 -13.0025  -0.1349 -11.7256 -14.3334   2.8441  -4.9548   3.4552 -10.9088   3.2750 -19.3239   5.0242 -12.8854   0.4615   0.6163   3.9380 -34.7013  -2.4436   6.9797  18.2663  17.2821  13.1707  16.8826  10.2849  15.5098  15.8229  11.3562   4.7748  10.3594   2.0366  21.0317  14.7340  32.1710   7.9813  50.4173   2.7763   5.0332   6.7796  16.7080  39.3888 
12  13.3173 204  -0.2688 -10.0706  -4.7616  -8.6890  -1.6544 -13.8250  -0.7830 -11.4756 -14.1685   3.5192  -4.8715   3.2460 -10.8330   4.3567 -19.7481   4.3655 -13.0570   0.5869   0.1911   4.1050 -34.3243  -4.2622   5.1685  14.8966  10.8000   8.4566  14.4260   9.9977  13.8678  13.0141   9.1580   4.7058  10.1594   2.0185  20.4659  12.1697  21.1240   6.7983  63.8027   2.8647   3.6071   5.8491  11.7593  27.8712 
13  11.4060 314  -0.3894 -10.4799  -4.9758  -9.1647  -1.8916 -13.3107  -0.9339 -10.8649 -13.7389   3.7611  -5.9018   3.0117 -11.8207   3.3504 -19.7029   4.4882 -11.6363   0.8369   0.1109   3.6413 -35.4073  -5.0188   6.6220  11.1816  12.3031   6.2823   8.4729   6.0439  10.4618  16.2805   7.5382   4.5917   8.0270   2.0651  21.6420  10.8042  19.0397   5.5843  44.6587   3.4880   4.1306   6.5531  14.7847  20.3759 
14   9.7247 234  -0.8145 -10.2863  -5.2140  -9.1587  -1.5455 -12.5746  -1.3337  -9.9458 -14.4578   4.1465  -6.3342   3.0926 -10.3613   2.6664 -20.9331   4.6048 -10.7807   1.0836   0.0700   2.8849 -35.7852  -5.2214   3.8573   9.9839  14.0377   3.8834   9.3013   6.0165   5.6420  11.9733   4.7172   3.5314  10.3549   1.3016  18.0872   6.3407  29.1333   4.3525  29.4118   3.2341   3.5281   4.9058  12.9504  17.3991 
15  10.5968 265  -0.6704 -10.3643  -5.8547  -9.3317  -1.9681 -12.7094  -1.5249  -9.4743 -15.8070   4.1086  -6.9538   3.3739 -11.1883   3.6491 -21.5143   4.6604 -10.6977   1.7459  -0.1657   3.0992 -38.7420  -4.7546   2.7274   9.8163  10.4650   3.6718   9.8773   5.8851   4.8988   8.4479   6.0689   4.1085  10.2191   1.5425  14.3770   6.8753  38.7777   7.2802  26.0781   4.3067   5.3244   4.3247  22.4937  25.5636 
16  10.6319 249  -0.8765  -9.4913  -5.5887  -9.5348  -2.9271 -13.0102  -1.5337 -10.9362 -15.6139   4.0805  -6.7573   3.5446 -10.2830   3.9582 -21.9527   4.8613 -10.3888   2.4455  -0.5196   2.8854 -39.7963  -3.8477   3.3638  10.4868  11.1644   3.4655  10.7742   4.7972   5.8416   7.6651   5.0232   2.7891  10.3456   1.3383   9.0891   8.3261  45.1216   6.8344  19.3531   3.4871   4.8298   3.8237  22.1159  33.8667 
17   8.2776 283  -0.8409 -10.8414  -5.6313  -9.2472  -2.3825 -12.9912  -1.3827 -11.1772 -15.2381   3.8712  -6.8762   3.8164 -11.4030   3.8584 -21.8791   4.5206 -10.7034   2.3282  -1.0551   2.8853 -39.9020  -3.1280   4.5236   7.9623  12.9549   3.6216   8.3293   3.6567   5.2440   5.1055   3.8181   1.6575   6.5472   0.9285   7.0388   6.7909  30.4134   4.0020  11.0614   4.6405   3.5587   3.3666  18.2671  28.6174 
18   6.4791 282  -1.1650 -10.9370  -5.0882  -9.2031  -3.3253 -12.8701  -1.2105 -10.9388 -15.1689   3.7375  -6.5523   3.6477 -10.7972   4.5726 -21.4203   3.8868 -10.9596   2.4126  -0.7053   3.0480 -40.2929  -1.8543   3.4049   6.6670   7.3065   4.6690   6.4272   2.1159   5.8909   4.7919   2.3812   1.3760   9.1256   0.7900   4.7290   5.9474  22.3800   2.5183  10.6640   3.9887   2.6324   2.4402  11.8101  20.4835 
19   5.6628 270  -0.9458 -10.6035  -4.0594  -8.9139  -3.9264 -12.8604  -1.3120 -11.4524 -15.0164   3.4449  -8.0493   3.6089 -10.7233   4.6195 -22.4705   3.3993 -10.4292   2.8438  -0.4345   3.0890 -41.4545  -1.3652   2.7494   6.8402   5.7875   5.0626   6.3626   1.1442   6.0001   4.8708   2.1928   1.0762   8.5524   0.6374   3.8886   4.5959  18.7246   3.6543   8.1514   2.4259   1.9207   2.0192   7.5005  20.4252 
20   6.1756 312  -1.5372 -11.3367  -5.0273  -9.6551  -4.1239 -13.8761  -0.9015 -11.6482 -15.9879   3.8310  -8.7958   3.7700 -11.6153   4.9811 -23.6894   3.3585 -10.9771   3.0019  -0.8952   3.2889 -44.2239  -2.4129   2.6760   4.9291   4.7042   4.7343   5.4122   2.3408   5.9914   3.5371   3.8069   1.5391   8.5429   0.8643   4.6178   5.7569  18.2849   4.8051   7.9664   1.6674   2.3121   2.1205  17.7411  21.5134 
21   5.6210 291  -1.9145 -11.8145  -4.2956  -9.9295  -3.7676 -13.3266  -0.4255 -11.8264 -16.6934   3.8966  -8.7030   3.9867 -11.2049   4.4249 -22.9508   3.4044 -12.5614   3.1178  -0.6300   3.0449 -44.3176  -2.7489   1.9072   4.5395   4.5475   4.0572   4.2590   3.5190   4.9567   2.3565   3.1451   1.3212   5.7282   0.7828   3.7330   4.0768  16.4449   4.9824   7.1256   0.9497   1.9252   1.5362   9.9598  31.8080 
22   4.9796 324  -1.3387 -11.1794  -3.3359  -9.3324  -3.9325 -13.3862  -0.4260 -12.0469 -16.8125   4.0238  -8.4380   4.0405 -11.4950   4.0445 -22.1168   3.0923 -12.4546   3.1115  -0.4737   2.9692 -44.4398  -2.3887   2.6874   2.6363   3.4363   2.7627   3.9961   5.4125   4.4994   2.3530   2.2215   1.2024   5.4567   0.5884   4.1933   4.8428  18.8021   3.8574   7.5590   0.6169   1.8191   2.0777   7.6592  20.8713 
23   4.5414 263  -1.3411 -11.2771  -2.7761  -9.1134  -4.3208 -12.7078  -0.5388 -12.3115 -16.3785   4.0439  -8.0695   3.9900 -10.7297   4.0952 -22.0402   3.5407 -12.1456   3.0891  -0.6238   3.2021 -44.8893  -2.8831   3.5550   3.1594   4.4631   3.5533   2.6786   3.9040   3.2042   2.8424   1.7248   1.0381   3.6191   0.6422   4.3713   2.9659  12.7131   3.1046   7.7183   0.9879   1.1554   2.3294   5.3426  24.8382 
24   3.8989 274  -1.6358 -11.2330  -2.2129  -9.2754  -4.5505 -12.5814   0.0689 -12.1660 -16.3212   3.7784  -8.1678   4.1900 -11.1277   4.1011 -21.2395   3.7271 -12.1084   3.0649  -0.4170   2.9903 -44.9425  -1.9698   4.5133   1.7866   2.8762   3.4444   2.9229   3.8971   3.6241   3.0670   1.4738   1.6669   3.4353   0.5087   4.5356   2.0255   8.4670   2.6630   6.1400   0.9239   0.8931   2.4255   6.2184  18.2669 
25   4.0246 277  -1.3238 -10.9978  -2.0484  -9.2326  -4.4776 -12.4708  -1.0195 -11.8745 -16.3311   3.8381  -7.8464   4.1997 -10.5126   4.3013 -21.5482   3.3031 -12.2943   3.2368  -0.2573   2.8644 -45.8332  -2.7611   5.4294   3.3662   2.4565   3.5739   5.7319   2.9088   2.5496   1.7991   1.4084   1.1629   2.1199   0.3818   7.2884   1.5794   5.9482   2.5083  10.0280   0.7822   0.7113   1.4136   5.5773  19.8173 
26   3.7937 293  -1.5332 -11.0839  -1.9603  -9.2452  -4.8059 -12.1625  -1.0740 -12.0750 -16.0802   3.9029  -7.1021   4.0872 -10.3301   4.0312 -22.4370   3.2277 -12.8466   3.4721  -0.1233   2.6900 -46.4202  -2.6882   4.6790   2.1939   3.4949   2.8299   4.0619   2.1114   2.7053   1.5670   1.5076   1.0869   2.6289   0.2606   5.4883   1.3424   5.1258   2.1725  10.2503   0.7223   0.9309   1.1465   6.5799  20.5743 
27   3.3221 267  -1.5338 -11.2185  -1.7622  -9.4413  -4.7946 -12.5139  -0.5450 -11.6543 -15.9536   3.9810  -7.5052   3.9654 -10.0324   3.8276 -21.5052   2.8113 -12.4358   3.3438  -0.2692   2.4748 -45.5343  -2.3266   3.4196   1.3532   4.4115   1.9223   2.9607   1.7014   2.3346   1.7496   1.1144   1.0779   1.6597   0.1746   4.2202   1.4056   3.4206   2.1572  11.3344   0.7293   0.7905   1.0927   5.1767  18.8788 
28   3.0498 287  -1.7740 -11.3280  -1.7201  -9.9799  -4.1122 -12.4587  -0.7188 -11.4598 -16.1894   4.1199  -7.5024   3.8373 -10.0229   4.0615 -21.1178   2.9076 -11.1495   3.2601  -0.3645   2.4621 -45.9579  -2.1782   3.1255   1.3121   4.3896   1.5276   2.2577   2.3762   1.7127   2.6066   0.9033   1.5797   1.9947   0.1124   3.7151   1.6838   3.8127   1.6896   9.9982   0.5867   0.6099   0.7256   4.9036  15.4717 
29   2.6999 326  -2.0107 -11.1972  -1.9668  -9.8984  -3.8983 -12.5403  -0.4292 -11.2448 -15.9662   3.9852  -7.3684   3.8298  -9.7504   3.7951 -20.8967   2.5565 -11.1619   3.1924  -0.2128   2.2776 -46.2492  -2.8883   1.6318   1.0540   2.9188   1.0451   1.8832   1.6658   1.9106   1.9928   0.9725   1.9211   1.1530   0.0944   3.0745   0.9152   4.4759   1.7637  12.2451   0.6275   0.7183   0.9330   3.1022  13.3002 
30   2.5770 340  -1.5998 -11.4311  -1.8716  -9.7425  -4.2934 -12.7942  -0.3307 -12.2901 -16.0141   3.7366  -7.4921   3.8924  -9.9495   3.7650 -21.2953   2.4827 -11.0952   3.2567  -0.5619   2.1284 -46.4660  -1.9876   1.1055   0.9618   2.8789   0.7468   1.8664   0.9089   1.3762   1.5840   0.5461   1.2837   1.0212   0.0627   3.0826   0.8306   4.4950   1.2377  10.0108   0.6023   0.4557   1.0271   2.7126  17.8975 
31   2.4694 284  -1.2419 -11.6241  -1.9949  -9.7843  -3.9566 -13.0923  -0.6152 -12.2432 -16.2735   3.4791  -7.6180   3.9289  -9.2237   3.9367 -21.2429   2.4230 -10.7189   3.4021  -0.4592   2.3003 -46.7534  -1.8322   0.9863   0.5870   2.9428   0.5387   1.1898   0.9395   0.8889   0.9351   0.4004   1.0966   1.0850   0.0525   2.6518   0.9607   5.2613   1.4301   8.7878   0.7179   0.2851   1.5671   2.6456  18.3756 
32   2.9003 345  -1.3881 -11.7185  -2.2653  -9.6365  -4.1671 -12.8777  -0.6700 -12.2407 -16.2098   3.4057  -7.4411   3.9311  -9.5077   3.8717 -21.7845   2.5297 -11.1311   3.2112  -0.5727   1.8814 -46.7466  -3.0570   1.6431   0.3508   2.0609   0.6276   1.4519   0.6882   0.9760   0.6225   0.3782   1.2135   0.9663   0.0352   2.0983   0.7812   3.6993   1.4682   8.9574   0.7206   0.1858   1.5195   1.4569  31.9051 
33   3.0780 297  -1.2843 -11.8711  -2.8716  -9.9197  -4.1321 -12.8192  -0.7469 -12.1659 -16.4677   3.1187  -7.4583   3.9473  -9.2214   4.0326 -21.4216   2.3886 -11.5580   3.0990  -0.4747   1.6564 -46.5464  -4.1066   1.6810   0.2321   1.7539   0.4439   1.6905   0.8388   0.9776   0.8125   0.3507   1.2502   1.0901   0.0245   1.1753   0.5390   3.4596   0.8338  10.2497   0.6294   0.1868   1.1244   1.1593  37.2137 
34   2.5051 322  -1.1871 -11.9458  -3.0165 -10.0600  -4.0360 -12.9889  -0.6099 -12.4431 -16.4872   2.8884  -7.5083   3.9090  -9.4044   4.1457 -21.6836   2.5013 -11.0141   3.2761  -0.5353   1.8139 -46.4172  -5.5738   1.4451   0.2474   1.3136   0.4212   1.5980   0.9493   1.1587   0.6209   0.5275   1.0243   0.7814   0.0310   0.9613   0.3149   2.7918   1.0189  11.4176   0.4004   0.1226   1.2402   1.0646  25.6612 
35   2.6660 302  -1.1967 -11.9918  -3.0677 -10.0082  -4.0971 -12.6587  -0.6186 -12.5201 -16.4575   2.7774  -7.7596   3.8931  -9.5135   4.0773 -21.3602   1.8991 -11.0968   3.1031  -0.5169   1.5060 -46.1669  -4.9980   1.0994   0.1750   0.7955   0.3747   1.3470   0.8382   1.0961   0.3554   0.3770   0.8714   0.6401   0.0272   1.1558   0.5467   4.0188   0.6735  10.7170   0.3402   0.0708   0.7120   0.7078  31.7129 
36   2.7587 311  -1.3137 -11.9677  -2.9848  -9.7977  -4.0246 -12.7715  -0.8538 -12.3798 -16.5358   2.7672  -7.6959   3.8645  -9.5188   4.1600 -21.3737   2.0892 -11.4341   2.9461  -0.5138   1.6522 -46.3717  -5.3038   0.6029   0.1138   0.6908   0.5542   1.4152   0.8704   1.4751   0.2902   0.6590   1.0423   0.3856   0.0250   1.2665   0.3410   3.6546   0.7232  13.7317   0.2238   0.0458   0.6712   0.4406  31.4687 
37   3.7129 298  -1.4277 -12.8011  -3.1855 -10.6698  -4.3485 -13.8388  -0.6035 -13.2646 -17.3425   2.8170  -8.0692   4.0277 -10.4852   4.3918 -22.8962   2.0345 -11.4851   3.3527  -0.5242   1.9000 -49.2557  -5.1995   0.6413   1.0611   0.7220   1.0402   1.5198   1.7895   1.2612   1.3421   2.3645   0.9227   0.6613   0.1109   1.7261   0.3654   5.4716   0.7675   9.2907   0.3157   0.0518   0.5037  14.6181  35.1369 
38   3.2483 282  -1.6618 -12.9246  -3.0430 -10.9498  -4.5599 -13.8970  -0.6494 -13.5121 -17.6425   2.7079  -7.9759   3.9405 -10.7586   4.3123 -22.9321   1.9545 -11.6240   3.3356  -0.4960   2.0038 -48.4824  -4.5695   0.8447   0.8203   0.6974   1.0905   2.1558   1.3258   0.7856   0.8319   1.8467   1.0581   0.5832   0.0928   2.0315   0.2452   5.6450   0.5483   9.1186   0.2356   0.0472   0.5586  10.4710  30.4281 
39   2.4829 358  -1.9473 -12.6550  -3.2817 -10.9095  -4.6564 -13.4678  -0.5909 -13.6074 -17.6250   2.8115  -8.1076   4.0208 -11.1541   4.4523 -21.9638   1.7422 -11.0811   3.3291  -0.4978   1.9624 -49.5371  -5.8659   0.6366   0.8906   0.6096   0.9075   2.3986   1.2668   0.5037   0.5071   1.5206   0.7739   0.5556   0.1407   2.2356   0.2432   3.3653   0.4967   9.0665   0.2673   0.0446   0.3954   7.6972  20.1015 
40   2.8871 301  -1.8269 -12.5009  -3.4070 -10.6667  -4.8683 -13.4397  -0.5237 -13.7207 -17.5668   2.7291  -7.8439   3.9224 -11.2611   4.4863 -22.0501   1.5896 -11.3127   3.3108  -0.4840   1.8960 -49.9110  -6.2645   0.7078   0.7582   0.8042   1.2982   1.5691   1.0651   0.5690   0.3574   1.7159   0.4887   0.5102   0.1422   1.8725   0.1594   3.0308   0.6248   8.6082   0.2841   0.0551   0.3580   9.3823  29.1554 
41   2.5327 438  -1.8944 -12.2466  -3.7450 -10.6748  -4.6247 -13.1771  -0.5690 -13.7373 -17.8352   2.6724  -7.9224   3.8440 -10.6585   4.5704 -22.2506   1.6531 -12.4071   3.3751  -0.4681   1.7808 -50.2398  -6.1384   0.5009   0.6647   0.7683   1.0830   1.1741   0.8287   0.4821   0.2900   1.9470   0.3064   0.4219   0.0904   1.3646   0.1409   2.5066   0.4469  10.8152   0.2232   0.0578   0.3846   9.6898  21.5319 
42   2.3472 300  -2.0613 -12.2528  -3.6594 -10.5882  -4.3426 -13.1272  -0.4467 -13.5128 -18.0367   2.7456  -7.9051   3.8174 -11.0827   4.4715 -22.2493   1.7390 -12.1928   3.3422  -0.4518   1.8364 -50.0012  -6.1270   0.3534   0.5376   0.7849   0.6334   0.9076   0.6572   0.5119   0.2084   1.9022   0.3576   0.3056   0.1228   1.0331   0.1159   1.7536   0.2951  10.5957   0.1435   0.0466   0.5232   8.3681  21.4813 
43   1.8593 309  -2.0546 -12.3285  -3.3735 -10.6352  -4.1662 -12.9843  -0.6393 -13.5852 -17.8259   2.9158  -8.0497   3.7403 -11.1535   4.3770 -22.2080   1.6661 -12.4827   3.3100  -0.4902   1.9885 -49.5208  -7.2473   0.2595   0.5764   0.6022   0.6545   0.6143   0.5887   0.5676   0.1314   2.3624   0.4443   0.1965   0.1396   1.0633   0.1388   1.8230   0.2355   6.7514   0.1032   0.0596   0.6818   4.5519  18.3582 
44   1.5365 289  -2.0554 -12.3399  -3.3927 -10.6955  -3.9861 -12.8004  -0.7377 -13.5816 -17.7191   2.7861  -8.0724   3.8053 -11.0192   4.3394 -22.4899   1.7134 -12.2425   3.1874  -0.4928   1.8085 -49.1449  -7.0878   0.2708   0.4574   0.4744   0.5607   0.4424   0.5717   0.4605   0.0808   1.7501   0.5291   0.1398   0.1391   1.1657   0.1368   1.1652   0.1606   4.1207   0.0746   0.0599   0.5738   4.8840  15.5846 
45   1.4172 334  -1.9566 -12.3819  -3.4208 -10.5160  -3.7837 -12.8763  -0.6773 -13.5982 -17.1363   2.7291  -8.2137   3.7193 -11.4188   4.3796 -22.5503   1.6411 -12.7062   3.1389  -0.5204   1.7682 -49.0985  -6.8921   0.1974   0.3578   0.4759   0.4467   0.3286   0.7573   0.4033   0.0684   1.8406   0.2856   0.1682   0.1742   0.7406   0.1532   1.0917   0.1509   3.9847   0.0636   0.0546   0.4171   4.8407  14.1765 
46   1.1733 323  -1.9062 -12.5091  -3.4670 -10.5195  -4.0059 -12.8505  -0.6386 -13.6039 -17.1853   2.5836  -8.3095   3.6612 -11.4128   4.5046 -22.5446   1.5777 -12.4282   3.0692  -0.5038   1.6626 -48.3562  -8.4513   0.1154   0.3676   0.4773   0.4560   0.2302   0.7063   0.3794   0.0433   1.1566   0.2284   0.1505   0.1338   1.0214   0.1349   1.4039   0.0951   3.6478   0.0392   0.0555   0.3070   4.5095  10.1528 
47   1.0750 307  -2.0120 -12.6804  -3.4388 -10.4452  -4.0748 -13.0171  -0.6183 -13.6300 -17.0278   2.8168  -8.2163   3.7355 -11.4920   4.5764 -22.3203   1.6050 -12.6470   3.0105  -0.5161   1.6261 -47.7264  -7.8377   0.1002   0.3775   0.5677   0.3390   0.1469   0.5952   0.3236   0.0238   0.6965   0.2469   0.1730   0.1738   1.2659   0.1067   1.0565   0.1052   2.9486   0.0488   0.0436   0.1603   2.3375  11.8120 
48   0.9801 362  -1.9030 -12.5109  -3.6328 -10.4825  -4.0164 -13.0320  -0.4131 -13.6283 -17.3037   2.9318  -8.0805   3.8786 -11.4167   4.5451 -22.7062   1.5918 -13.1550   3.0335  -0.5898   1.6761 -47.8960  -7.3312   0.1311   0.3537   0.5550   0.4006   0.0964   0.3938   0.2553   0.0262   0.5344   0.1792   0.2292   0.1438   0.8198   0.0862   0.8218   0.1084   3.2876   0.0463   0.0463   0.1917   1.8979  10.9581 
49   0.7931 359  -1.9884 -12.6905  -3.7690 -10.3587  -4.0319 -13.1840  -0.2939 -13.6063 -17.1705   2.9338  -8.1164   3.8384 -11.6630   4.6029 -22.8027   1.5441 -12.7299   3.0381  -0.5502   1.6422 -48.2245  -7.8853   0.0704   0.3941   0.5338   0.3829   0.1033   0.2914   0.1831   0.0241   0.4001   0.1314   0.3158   0.1015   1.1123   0.0829   0.5228   0.1297   2.1591   0.0601   0.0460   0.1795   1.9005   8.3226 
