10 20 22
0  83.0035 43   3.0599  -3.1221  -1.2030   1.6360  -0.6916  -0.8926  -1.8581  -0.4055  -2.2863   0.2259   1.9104   0.5398  -3.1217   4.6117  -1.4412   2.0901  -4.1618   2.3414  -1.6935   0.2916  -8.7482  -1.5984  57.0970 137.9418  87.9559  86.1905  58.4792  84.3629  95.9773 103.5096  59.0334  98.1566  71.9216  78.6469 102.3366  71.0385  89.0915  81.8574  75.1954  59.1271 100.4840  65.1106  77.0397  85.5228 
1  65.5870 77   2.9446  -5.7105  -2.8390  -2.0420  -2.3391  -2.6653  -4.2444  -2.0014  -4.5367   0.0374   0.2205  -0.2335  -4.5476   3.6346  -3.7352   1.7448  -6.9379   1.9964  -2.3498   0.8140 -16.9780  -1.2174  46.9069 110.7809  56.4276  73.4426  48.1212  72.8904  69.1127  97.5438  54.0693  77.7360  68.1228  53.5855  79.2218  37.1065  58.5769  45.8122  68.2377  49.9103 111.9769  51.1440  57.8471  54.3400 
2  58.7716 142   2.7207  -8.3479  -5.9034  -4.1782  -3.2880  -0.2737  -4.7781  -4.2855  -5.6326   1.0107   0.4249  -0.0815  -8.4839   4.1053  -4.1425  -0.4061  -8.3045   0.5002  -5.2881   2.0074 -23.1561  -0.6634  37.9967  85.5679  75.4848 102.8906  32.4698  82.7627  43.5558  66.8890  51.7615  63.3420  55.4717  28.2785  57.7316  32.7264  58.7607  48.8244  60.8499  49.8061 100.1700  57.1878  51.2637  49.1831 
3  57.0888 133   3.7457 -13.6930  -7.0344  -5.1814  -3.7411  -4.0003  -8.0020  -7.9919  -8.3999   3.9356   0.7717  -0.0409 -10.2122   2.0368  -6.1537   0.8761 -11.0081  -2.1290  -7.0742   3.7877 -29.4402  -0.3721  45.4351  89.7682  75.1045  52.7768  28.3434  78.5028  48.2913  78.2490  41.8672  72.5048  83.7184  16.8166  82.3350  32.4061  63.8348  33.9927  79.0643  41.5055  74.4985  48.8045  58.6386  29.4963 
4  45.0731 151   3.6798 -14.7899  -8.5119  -5.9320  -3.7574  -3.9575  -7.2768  -9.4731  -8.0683   5.8835  -0.6387   0.3678 -11.5075   1.8690  -7.7725   0.7429 -12.3872  -1.8409  -6.0552   2.5089 -31.9325  -1.1771  75.9658  62.7279  35.4396  38.2216  18.8431  48.0577  29.5118  63.5905  36.7108  50.4057  47.7230  14.4099  64.4905  23.5305  59.0449  21.7188  57.2162  26.2214  79.9748  51.7572  52.0791  33.9659 
5  39.3082 248   4.3280 -15.5990 -10.2269  -5.8917  -4.7678  -2.5163  -7.3382  -9.1124  -8.5801   4.5297   0.4210   1.6153 -11.7563   1.2220 -10.5311   1.5577 -15.6715  -1.8752  -8.1329   3.3589 -33.8692   0.6474  52.9173  52.5001  27.2532  50.5356  21.7658  37.7260  27.6132  60.3269  30.7401  46.2491  51.4063  10.4855  42.5424  14.4269  52.4526  18.2018  41.0876  21.9344  98.7774  33.0919  46.7366  26.0098 
6  32.0878 212   4.3994 -15.2887 -11.4896  -7.9027  -5.0011  -4.6459  -7.7949 -10.0916  -8.9939   3.9566  -0.9232   0.6286 -13.4134   1.8899  -9.4260   2.0137 -17.2360  -1.5015  -6.3198   0.8633 -36.8514   1.7701  40.1553  40.4324  35.4190  39.4022  20.2859  26.6256  20.1502  42.1175  22.2331  33.0953  43.1447   8.6311  29.9724  14.2667  60.4959  17.3849  36.2252  15.6443  77.2862  24.8579  41.0048  17.1004 
7  30.8060 224   6.2288 -16.3488  -9.7275  -6.1336  -5.7032  -3.9899  -8.5205  -9.9357  -9.2037   3.4183  -2.0541   0.2399 -12.6191   1.3573 -12.3907   1.7205 -18.9031  -1.3581  -5.4639   0.4624 -37.6461   2.0856  30.4398  38.9598  34.7329  34.1698  22.2205  24.1850  18.0572  37.7646  11.3304  27.5639  47.3082   4.9716  37.3961  12.4349  59.0017  21.0163  34.7051  14.4629  92.0869  35.5123  29.0423  10.3695 
8  24.5729 217   5.1913 -17.5563  -8.2464  -6.4400  -5.7544  -4.6877  -8.0797  -9.9436  -9.1707   4.7725  -0.2131   0.0542 -13.2187   1.4186 -12.6632   2.4703 -19.3497  -1.7342  -4.4768   0.2807 -39.5047   3.0570  26.7005  23.1619  24.0497  33.2524  21.8213  18.6606  10.0602  23.2397   8.0185  19.2153  44.7741   3.2312  25.4102   8.7895  52.1220  11.9787  28.3811   6.9180  77.1596  28.2967  35.0284  10.3351 
9  20.0694 249   5.6415 -17.2274  -5.8299  -6.1041  -5.9350  -5.1028  -7.7509 -10.0321  -9.1591   5.1655  -2.2037   0.3748 -12.8508   2.5566 -14.7451   3.2884 -20.7199  -2.0538  -4.9014   0.7890 -39.4951   1.0226  19.8067  16.6887  19.2170  34.6172  10.4079  11.3023   8.1372  17.7380   6.6798  12.8758  47.8495   3.0420  23.3841   5.6297  42.4672  12.5005  33.1993   5.1955  50.9226  14.7796  35.2519   9.8338 
10  18.3218 265   6.7978 -17.3277  -5.4680  -5.7560  -5.7348  -4.0146  -8.0630  -8.9731  -8.7941   4.7845  -4.4697   0.2603 -12.3223   2.7081 -15.8874   3.5185 -21.4970  -1.6962  -5.2393   2.0455 -41.7714   1.5642  13.7377  16.8618  17.0630  22.5905   8.5331  10.0567   7.7069  13.0885   4.4459  15.0685  46.3302   2.1255  29.2987   6.9749  46.6294  10.4041  26.3330   3.4146  45.0345  15.6497  26.7022  15.0291 
11  16.6040 302   5.8837 -17.4235  -5.0664  -6.0527  -5.1337  -4.8720  -7.2060  -8.9966  -8.3082   4.7740  -5.1060   0.5984 -12.0885   2.1427 -14.7759   4.4389 -21.5356  -1.6442  -3.2538   0.9804 -42.9242   3.4845  10.0618  16.1743  16.7622  18.7079   7.7726   9.5943   5.8563   7.1205   3.3162  20.2093  26.3526   1.9782  19.3697   4.7478  48.9523   6.6885  40.5277   2.6851  54.4156  15.8980  18.5428   9.5542 
12  14.4754 291   5.5686 -16.5987  -5.3212  -5.9780  -5.2643  -5.6106  -7.7455  -9.4177  -8.1413   5.3815  -6.7792   0.8780 -12.1902   1.8732 -12.3687   4.0330 -21.8935  -1.2901  -3.7476   1.8482 -42.4067   3.2948   6.7661  19.9082  14.5702  13.0039   9.1842  11.9357   6.0713   4.5544   2.1782  22.4945  23.5425   1.5575  22.7850   3.7917  50.3960   3.7424  23.2751   1.9390  37.7377  19.2961  13.9385   5.7896 
13  13.1278 271   5.6428 -17.6596  -6.1012  -6.3890  -4.7480  -4.5391  -7.9772  -8.9340  -8.2202   4.9869  -7.4133   0.8394 -12.5077   2.0248 -11.2948   4.0998 -22.1308  -1.4998  -4.4519   0.3367 -42.8466   2.7172   8.2467  12.6140  11.2546   9.4003   8.4685   9.7493   4.1173   3.4538   3.7504  21.5888  18.6687   2.1494  22.4380   2.7197  44.4110   4.2182  22.1913   1.5785  43.6140  17.9069  13.1846   3.0872 
14  12.2610 260   5.3577 -17.3605  -6.2585  -7.0008  -5.7802  -4.3955  -8.4609  -8.3774  -8.7622   5.0629  -6.6174   0.8819 -14.0912   1.7563 -10.9945   3.7211 -21.3376  -1.6954  -4.3767  -0.4337 -43.3577   2.8277  10.9291   8.9187   7.4403   6.4811   6.4402   5.6268   3.7306   2.9518   3.6498  15.8129  20.7752   1.2441  27.6693   1.5410  45.3915   3.1340  22.7785   1.1399  36.2904  20.1786  15.0441   2.5745 
15  12.5090 274   5.4318 -17.3985  -5.8598  -7.0794  -5.5023  -4.1321  -8.3935  -8.2767  -8.5717   4.0644  -7.1179   0.5261 -13.3265   1.6239 -11.4500   3.7515 -20.9213  -1.5194  -4.6253  -0.7682 -42.2095   2.7260   9.1744   5.6601   8.4439   6.4259   9.3916   5.1041   3.2369   2.0937   2.4440  17.5352  23.4147   0.9900  38.0491   1.2660  31.1454   2.0028  21.2164   0.9077  53.3677  17.5264  12.4630   3.3387 
16  11.6552 285   6.0340 -18.8228  -5.5830  -7.6580  -6.4343  -4.0435  -9.1132  -8.6885  -9.3164   4.3731  -7.7877   0.4875 -12.5244   1.7848 -12.8296   3.6142 -23.6100  -1.7303  -5.2686  -0.2362 -44.6334   2.5983   9.5727   6.4132  10.4505   5.1412  10.2557   5.8852   4.2040   2.8610   3.2469  12.7004  17.5658   1.3466  44.5464   1.2409  20.5114   2.2747  17.0114   0.9760  40.1395  13.4618  22.1030   4.5067 
17  11.0055 314   6.6329 -18.7964  -5.6621  -7.3352  -6.3753  -4.4086  -9.0012  -8.4030  -9.2029   4.3628  -8.6478   0.7053 -11.4443   1.6377 -14.1724   3.6168 -25.0937  -1.7057  -6.2981   0.6386 -44.0461   2.9808   7.3672   3.8393   5.8811   3.4614  10.7078   7.1228   2.3233   1.5285   4.4785  10.3939  17.0410   0.9619  48.3421   1.6183  31.8322   2.0688  18.2519   0.8660  37.9443   8.3101  13.9241   3.8566 
18   9.2171 258   5.5321 -18.9811  -5.7163  -7.6834  -7.0303  -4.1088  -9.2823  -8.3521  -9.6747   4.3299 -10.5807   0.6718 -11.7022   1.6310 -13.0360   3.5001 -23.5010  -1.8371  -7.0697   0.7046 -44.8029   3.4080   7.5516   3.0987   5.2344   2.4961  12.6847  10.6967   2.2136   2.0015   5.2863  11.8798  12.1994   1.5831  36.6598   1.4731  18.6993   2.5581  13.6946   0.5748  28.5420   6.8960  13.6037   3.1478 
19   7.2119 290   6.6028 -18.9127  -5.7972  -7.5190  -6.2105  -3.9820  -9.4878  -8.2835  -9.2435   3.9161  -9.8973   0.7000 -13.6173   1.4577 -11.8903   3.7455 -22.3916  -1.9258  -5.7736   0.9376 -43.6696   3.3535   6.8454   3.7516   2.8827   3.0020  13.0382  10.8751   2.7843   1.6936   5.2933   9.9617   8.2409   1.4866  22.5252   1.2874  14.7759   3.0056  10.3515   0.4511  14.7996   6.1656  13.0908   2.3545 
20   6.0505 270   5.9345 -19.1068  -5.1515  -7.6931  -5.6987  -3.6941  -9.5797  -8.3796  -9.3454   3.4396 -11.0019   0.4632 -13.6682   1.5466 -12.6606   3.5861 -23.1846  -2.0213  -5.3656   0.0372 -44.1285   3.7481   5.8471   2.1816   4.4438   1.9197  13.8052   7.3427   2.4803   1.0427   3.5169  10.5218   7.2969   1.0102  17.9443   0.8005   9.1950   2.3182  10.5161   0.5359  13.2950   3.6421  10.9103   2.5436 
21   7.0843 265   4.9933 -20.1424  -5.5343  -8.0883  -6.6287  -4.5519 -10.0301  -9.2676 -10.0088   3.9992 -12.0164   0.6216 -15.0764   1.8240 -13.1916   3.9607 -25.0733  -2.0359  -5.1445  -0.4849 -47.4262   4.1392   6.0767   4.3805   4.3844   2.4927  16.3307   6.0209   2.5974   1.1998   3.6234  10.6735   7.2957   0.9367  16.8408   0.9755  10.6732   2.4537  15.4311   0.4473  12.7136   4.4188  23.0197   2.8691 
22   6.0282 285   5.7672 -20.5440  -5.6212  -8.0217  -7.2783  -4.8574 -10.4647  -9.2563  -9.5501   4.3460 -12.2759   0.5165 -15.4241   2.0703 -13.7709   3.9526 -24.2462  -2.0790  -5.3360  -0.6795 -46.9034   4.7064   4.0364   3.2829   5.9815   1.8847  11.3183   4.6145   2.0557   0.7789   3.0192   7.3989   6.7709   0.5108  12.5317   0.9113  12.1812   3.3345  13.7901   0.3412  11.2077   3.3461  20.4829   2.8404 
23   5.5172 291   5.4465 -20.7911  -4.8477  -8.2288  -7.6873  -4.4862 -10.0796  -9.2182  -9.0812   3.5902 -12.4443   0.3451 -15.2833   2.1073 -12.1159   4.1705 -23.5043  -2.0805  -5.1479  -0.3672 -47.2001   4.8978   2.0609   2.5138   4.0809   1.4783  10.5812   3.4855   1.3969   0.7102   2.7272  10.2169   5.0981   0.3324  11.3875   0.8323  11.6666   2.1676  12.6986   0.2524  10.8443   2.6799  21.6171   2.5501 
24   4.8206 295   5.3449 -20.7809  -4.1376  -8.2871  -7.7320  -4.3777 -10.0148  -8.8392  -8.7605   4.1444 -12.3797   0.5179 -14.3144   1.9931 -12.7917   4.2821 -22.9287  -2.2250  -5.5443  -0.0404 -47.7827   4.9902   1.7116   2.7085   2.8308   1.4676   9.2939   3.3398   1.5090   0.9375   2.7069   7.4017   6.5198   0.3375  13.4562   0.7871  12.1835   2.3767   9.5937   0.2864   8.1238   2.5899  13.1913   2.7000 
25   4.3539 311   5.8908 -20.8240  -4.2196  -8.1301  -8.2028  -4.3645 -10.1479  -9.1235  -8.8296   4.1104 -11.6576   0.5292 -14.6908   2.0664 -13.0177   4.5054 -24.4608  -2.3684  -6.5663   0.2680 -47.6607   5.1431   1.9671   2.0433   2.4651   1.0537   6.6568   2.4954   1.2038   0.8335   2.3641   5.5115   3.8350   0.4356   9.9516   0.5443  12.6689   2.5151  11.0108   0.3258   7.9432   2.2735  14.8705   2.8167 
26   3.8453 272   5.7052 -20.4431  -4.0990  -8.0092  -9.4253  -4.6287  -9.8584  -9.2852  -8.7216   3.9939 -11.6226   0.6897 -15.2602   2.0352 -12.0808   4.3535 -24.9499  -2.5544  -6.1178   0.3632 -47.0244   4.8280   1.6933   2.4279   1.3815   0.7095   7.7056   1.8673   0.9896   1.2260   1.5799   7.3529   3.3343   0.3285   8.2905   0.8601   8.6525   1.9735   6.2901   0.3626   9.4499   1.7412  14.6170   1.7626 
27   3.4291 283   5.8459 -20.5007  -4.1480  -8.0859  -8.9225  -4.5353  -9.8098  -9.3827  -8.7755   3.9830 -11.6560   0.7764 -15.3633   2.1252 -11.5477   4.5296 -25.5047  -2.7208  -6.0800   0.6266 -46.3277   5.2387   1.4830   2.0991   1.1182   0.3823   8.0167   0.9908   0.4830   0.6093   0.8887   9.4027   2.0309   0.2512   9.8365   0.5845   4.8529   1.3478   5.6144   0.5121   7.0048   1.9317  14.3247   1.6748 
28   2.7768 328   6.1636 -21.1671  -4.2212  -8.2072  -8.6182  -4.5238  -9.6117  -9.5532  -8.8899   4.1981 -11.5479   0.7921 -14.3587   2.2924 -12.1598   4.6752 -26.1337  -2.7076  -6.2284   0.6742 -47.0010   5.4233   1.0808   1.6014   1.6835   0.2817   7.6285   0.9221   0.4720   0.3734   0.5351   7.2483   1.6534   0.2209   8.6430   0.3537   3.9891   1.0342   4.1360   0.4474   5.2589   1.4699  10.7280   1.3283 
29   3.0027 266   6.3478 -21.3092  -4.0694  -8.1129  -8.8100  -4.5931  -9.5206  -9.5381  -8.9759   4.0965 -11.2204   0.7654 -14.3774   2.3619 -11.7868   4.4406 -26.2737  -2.7725  -6.3727   0.8579 -46.6058   5.5103   0.7309   1.2803   1.8231   0.3456   9.6444   0.5440   0.5580   0.2384   0.4185   5.7737   1.1507   0.1473   8.7414   0.3202   3.3370   1.2407   6.0976   0.3677   5.3704   1.1681  15.5310   1.2294 
30   2.3260 299   6.4786 -21.0529  -3.6868  -7.9497  -8.8531  -4.5487  -9.6689  -9.5083  -9.1289   4.1979 -11.1985   0.7123 -14.7617   2.4482 -11.7035   3.8884 -25.9143  -3.0338  -6.9675   0.7894 -47.5168   5.2842   1.0426   0.8599   1.4780   0.2774   7.8999   0.5175   0.3407   0.1643   0.5318   4.0058   1.0462   0.1111   5.7183   0.3929   2.2434   1.4758   4.2549   0.5352   4.1232   0.7442  12.5546   0.8538 
31   1.9880 346   6.1061 -20.9060  -3.3676  -7.8582  -8.7648  -4.5240  -9.5259  -9.5698  -9.1518   4.5677 -11.2200   0.6782 -14.7931   2.5133 -11.7687   3.8163 -25.8374  -3.1119  -7.6521   0.9097 -48.3807   5.3450   0.7581   1.0558   1.4404   0.2028   5.4703   0.3055   0.4530   0.1710   0.5393   4.2297   0.8373   0.1393   4.4807   0.2209   1.7699   0.9848   3.6481   0.6726   3.2803   0.5610  11.8419   0.6735 
32   1.7613 296   6.0370 -20.8969  -3.4158  -7.8543  -9.6008  -4.5445  -9.6774  -9.5415  -9.0501   4.7707 -11.3942   0.6856 -14.5729   2.5633 -11.7515   3.4743 -25.7094  -3.0986  -7.6113   0.6926 -47.3734   5.5300   0.6340   0.8113   0.9869   0.2748   4.3257   0.2273   0.6082   0.1415   0.3259   5.0362   0.6205   0.1107   4.1617   0.1626   1.7265   1.1320   3.2697   0.5533   2.0113   0.7039  10.3308   0.5935 
33   1.5349 313   5.7027 -21.1945  -3.5119  -7.9577  -9.7603  -4.5456  -9.8707  -9.6056  -9.1809   5.2415 -11.5259   0.7820 -14.2860   2.7379 -11.6217   3.2754 -26.1151  -3.1318  -7.3292   0.4615 -47.2422   5.5249   0.5400   0.6027   1.0495   0.1839   4.4275   0.1452   0.5457   0.1153   0.2939   4.0312   0.4075   0.0982   3.5687   0.1844   1.3294   1.1508   2.3172   0.4672   1.0303   0.5551  10.1312   0.5921 
34   1.5424 297   5.7148 -21.2216  -3.6705  -7.8406  -9.7999  -4.4799  -9.8515  -9.6428  -9.3937   4.5510 -11.3203   0.6666 -14.7880   2.7086 -11.9739   3.5074 -25.7707  -3.0844  -7.3237   0.3283 -47.6481   5.4345   0.3320   0.6944   0.8848   0.1628   5.6895   0.1706   0.9076   0.1058   0.4596   3.4919   0.4585   0.1166   2.9931   0.1227   1.5928   1.7428   2.1224   0.4515   0.7113   0.3231   9.9056   0.4941 
35   1.4097 293   5.7262 -21.5052  -3.5023  -7.8014  -9.8801  -4.5395  -9.8083  -9.5994  -9.5602   4.6525 -11.2621   0.6008 -14.3750   2.6820 -12.2270   3.6061 -26.0115  -2.9602  -7.1432   0.4098 -47.8368   5.3592   0.1812   0.5510   1.0205   0.1266   4.4415   0.1801   0.7743   0.0953   0.3235   4.5312   0.6719   0.0948   2.6856   0.1184   2.0461   1.2656   2.2234   0.5057   0.4587   0.2644   7.9953   0.4577 
36   1.4438 331   5.7009 -21.5607  -3.3391  -7.8115  -9.1995  -4.5612  -9.6494  -9.6191  -9.4457   4.7456 -11.2993   0.4853 -14.6204   2.7472 -12.3457   3.3200 -25.8160  -2.9200  -7.1594   0.5409 -48.0274   5.4358   0.2657   0.7179   1.0585   0.1672   7.1521   0.1431   0.7427   0.0792   0.3325   3.9824   0.3855   0.0658   2.1657   0.1170   1.8567   0.8736   2.1897   0.5136   0.5134   0.2902   7.7482   0.4036 
37   1.2251 308   5.7227 -21.4065  -3.1673  -7.9053  -8.5750  -4.5791  -9.5140  -9.5986  -9.4666   5.3727 -11.3331   0.5657 -14.6343   2.7613 -12.0948   3.3184 -25.2404  -3.0583  -7.4948   0.6406 -48.8188   5.6016   0.2701   1.0583   0.5905   0.2233   6.1922   0.1505   0.8164   0.0852   0.3117   3.6553   0.2426   0.0570   1.4080   0.1269   1.7113   0.4887   1.7829   0.3471   0.3289   0.2191   6.6305   0.2554 
38   2.5545 327   5.9718 -22.8368  -3.2661  -8.3250  -8.9052  -4.8412 -10.0477 -10.1754 -10.0612   5.8380 -11.9380   0.5791 -15.5367   2.9130 -12.4573   3.4938 -27.0332  -3.0737  -8.0419   0.6146 -51.1212   6.1589   0.4634   4.5785   0.5076   0.5610   6.3535   0.2647   1.1750   0.6741   0.9450   2.8045   1.0448   0.0704   2.5460   0.1687   2.4109   0.6068   6.1211   0.3300   0.7011   0.4132  22.9979   0.4609 
39   2.4269 286   6.1326 -22.7220  -3.2705  -8.2070  -8.5656  -4.9053 -10.2412  -9.9221 -10.0811   5.8184 -12.1869   0.6548 -15.3056   2.8082 -12.2460   3.4285 -26.6368  -2.9733  -8.3321   0.7737 -51.6885   6.3456   0.4279   3.8440   0.3856   0.4275   8.5417   0.3009   0.7425   0.7938   0.6058   2.9597   0.8584   0.0403   2.9490   0.1277   1.7482   0.7103   6.8163   0.4401   0.5715   0.2226  19.3727   0.5055 
40   2.5485 305   6.2009 -22.4400  -3.2353  -8.1577  -7.9278  -4.9244 -10.0540 -10.1288 -10.1115   6.0073 -12.0082   0.6544 -14.9181   2.6844 -12.4246   3.4171 -27.2367  -2.7040  -8.3249   0.8429 -51.5829   6.3726   0.2918   7.7455   0.2578   0.3963   4.3862   0.2704   0.6618   0.8595   0.7871   3.2951   0.8919   0.0276   3.8379   0.0957   1.5231   0.6582   7.2131   0.4206   0.4158   0.1682  21.4348   0.4293 
41   2.6163 366   6.3341 -22.5794  -2.9745  -8.1598  -7.3023  -4.8903  -9.8951 -10.0259 -10.0479   5.9707 -11.7638   0.6305 -15.1837   2.6863 -12.2903   3.3593 -27.4005  -2.4604  -8.3706   0.9579 -52.2989   6.3270   0.3879   7.6081   0.2653   0.2331   6.7409   0.1901   0.7124   1.0296   0.8100   3.2498   0.4893   0.0205   4.4500   0.1225   1.1488   0.5993   8.3115   0.3439   0.2778   0.1664  20.1304   0.2720 
42   2.5551 306   6.3274 -23.2409  -3.0343  -8.1754  -7.3638  -5.0835  -9.7349 -10.0171 -10.0607   6.3548 -11.9525   0.6712 -15.2614   2.6966 -12.5444   3.3966 -27.9807  -2.5275  -8.3912   0.9981 -53.8548   6.0126   0.4228   4.1630   0.2559   0.2094   4.8688   0.2225   0.6378   1.1026   1.3243   4.1135   0.4302   0.0131   5.5000   0.1212   1.6326   0.6285   7.1586   0.2138   0.3260   0.1604  22.4729   0.2340 
43   2.6603 335   6.5178 -22.7179  -2.9677  -8.1781  -7.2218  -5.1740  -9.8294  -9.7923 -10.4298   6.1940 -12.0252   0.6956 -15.1436   2.6716 -12.6784   3.1768 -28.4071  -2.6117  -8.3866   1.1020 -53.6347   6.0168   0.2746   3.0684   0.2894   0.3056   2.7232   0.2264   0.5244   1.4631   1.4089   5.7187   0.3412   0.0169   5.7640   0.1103   1.3340   0.4579  11.6585   0.1744   0.2153   0.1450  22.1352   0.1706 
44   1.9473 306   6.4035 -23.2550  -3.0003  -8.4261  -7.6064  -5.0287  -9.8871  -9.8760 -10.2351   6.0626 -11.9458   0.6648 -15.6615   2.7298 -12.4478   3.0610 -28.6738  -2.7103  -8.2271   1.1787 -55.3939   6.0281   0.2138   2.1229   0.2195   0.2171   1.6056   0.2169   0.4574   1.3907   1.3971   3.9904   0.3662   0.0255   4.2673   0.0640   1.7795   0.3371  11.1172   0.1211   0.2596   0.1270  12.4313   0.1129 
45   2.0456 331   6.4144 -23.0492  -3.0360  -8.3506  -7.2206  -5.0386  -9.9264  -9.6361 -10.3268   6.2553 -11.8972   0.6374 -15.8348   2.7303 -12.6580   3.0689 -28.4905  -2.6309  -8.1761   1.1234 -55.0085   6.0851   0.1708   2.1294   0.2093   0.1842   3.1992   0.1981   0.4099   1.2176   0.8581   5.2851   0.2203   0.0228   4.1030   0.0546   1.4921   0.2171  14.7762   0.1012   0.3170   0.1453   9.5611   0.1307 
46   3.4713 312   6.6502 -24.7432  -3.3447  -8.7448  -8.0678  -5.4501 -10.4322 -10.0157 -11.0688   6.5645 -12.4551   0.6781 -16.8058   2.8260 -13.5408   3.3239 -29.9063  -2.7298  -8.5995   1.1725 -58.6091   6.3118   0.4415   5.3445   0.2720   0.5682   3.5064   0.5151   1.0399   1.9348   1.5696   4.2476   1.1041   0.0207   5.9179   0.1223   1.9913   0.3571  18.0605   0.1309   0.9212   0.2257  27.7072   0.3708 
47   3.2875 341   6.5824 -25.2640  -3.2804  -8.7130  -8.2436  -5.7686 -10.3715  -9.8075 -10.9781   7.0378 -12.2756   0.6459 -16.6516   2.7947 -13.4753   3.2879 -30.7014  -2.6689  -8.3950   1.1839 -59.3689   6.2806   0.2943   6.1053   0.5123   0.3924   2.6861   0.6687   1.3980   1.5527   1.5358   5.0457   0.9566   0.0160   7.6081   0.0961   1.9160   0.3046  14.4400   0.1440   0.8240   0.1925  25.2075   0.4278 
48   3.1003 317   6.6781 -25.0142  -3.1082  -8.8297  -7.8669  -5.7885 -10.3220  -9.8571 -11.0864   6.2493 -12.3280   0.6429 -17.3351   2.8256 -13.2251   3.3840 -30.5797  -2.7752  -8.3143   1.1800 -59.5262   6.0755   0.2653   6.3156   0.3934   0.3200   3.3042   0.6102   1.1029   1.0814   1.3963   5.3289   0.9120   0.0188  11.1288   0.0814   1.9165   0.3172  14.5235   0.0897   0.8876   0.2520  17.4573   0.5035 
49   2.9591 330   6.5744 -25.1349  -3.1521  -8.8802  -7.6187  -5.7482 -10.4793  -9.5398 -11.1615   6.1285 -12.5924   0.6012 -16.6739   2.8889 -13.3843   3.2510 -29.1837  -2.7489  -8.4416   1.1540 -58.3470   6.2332   0.5374   4.6212   0.4175   0.2469   2.7466   0.5437   1.1065   1.0950   1.0976   6.9331   1.2098   0.0130  11.3679   0.0551   1.8007   0.4418  12.9437   0.0725   0.4810   0.1946  16.7571   0.4174 
