10 20 22
0 103.7759 38  -0.1198  -1.4683  -2.1903  -0.1163  -0.3467  -2.8882  -2.8245  -2.9693  -1.9781  -0.2333  -2.8205  -0.6343  -3.7468   0.9330  -2.0316  -0.5224  -3.1823   2.5807  -2.1510   1.5815 -10.6756  -2.8399  79.7262 103.7683 139.8578 157.9966  96.9485 125.9528 119.7080  78.2015 114.7674 127.9784  72.4902 115.5916  91.9338  70.8438  76.3262  72.7015  93.9290 148.9350  83.8296 113.4476  89.6006 108.5345 
1  77.9521 108   1.2174  -0.5061  -7.0173  -2.4188  -1.1316  -5.4020  -3.8569  -4.8266  -5.1451  -1.0881  -3.2232  -1.8521  -4.7724   4.5379  -3.7087   0.8481  -6.1155   3.9671   0.4480   4.4713 -18.5151  -2.2036  66.9777  86.6285  95.5942 137.3158  64.8563 103.7749  71.8561  55.5176  72.3250  97.8111  66.4160  65.3829  57.6181  53.3301  75.8592  38.2365  88.6600 101.2291  79.4453  82.0820  58.4769  95.5535 
2  61.2492 113   0.6950   0.3579 -11.3458  -5.3490  -3.6194  -3.7959  -5.4029  -5.1298  -3.7572  -1.4376  -5.5642  -0.7294  -6.8570   4.5734  -4.7176  -0.9706  -8.9732   1.7223  -1.7210   5.2255 -23.2059  -3.7370  48.9144  64.6732  71.4769  95.5649  63.8643  77.1669  65.7130  39.9773  60.0700  86.6910  45.0751  54.5084  48.2230  42.3530  59.8388  27.8037  95.0453  87.0870  59.7992  46.9230  46.6215  60.0915 
3  48.8044 161  -0.6753   1.0019 -12.5330  -7.9566  -3.0346  -5.0174  -3.6025  -4.7496  -4.9507  -0.8965  -7.4152  -1.1248  -6.9709   5.2861  -6.9430   0.0126 -11.0991   0.3495  -4.0244   4.4431 -28.6120  -4.1080  43.0367  46.1991  52.4137  58.0715  43.5568  59.7559  33.4038  51.1572  37.2730  50.8800  64.9267  64.2966  47.1492  26.7000  50.3958  28.4073  61.8939  71.3177  59.2896  40.2852  36.4456  46.8419 
4  39.2678 159  -2.3404  -0.7410 -11.4629  -6.1494  -3.0309  -5.0983  -4.6641  -7.0003  -4.2577  -3.0049  -6.5019   0.1136  -9.3563   3.3691  -7.6102   1.3791 -12.8985  -0.5318  -0.9464   4.5317 -28.5935  -2.4960  49.2148  24.5121  31.2080  35.7707  23.3867  43.6287  35.2017  43.1050  48.0951  30.9888  60.5822  41.8762  31.4767  13.9809  32.8141  27.1803  54.2728  48.1990  74.6600  55.8307  22.1150  35.7921 
5  36.9726 174  -3.3135  -1.6663 -10.7036  -5.9627  -4.0541  -3.5348  -5.2013  -4.3070  -4.2915  -0.6056  -7.6842   0.5584  -7.1607   2.8110  -8.5604   2.1371 -13.0369  -0.4618  -2.4701   4.0852 -29.9777  -0.7298  52.5088  21.6864  28.6171  33.5939  28.1885  22.9823  29.5866  30.9961  59.6246  31.3092  51.7050  53.0130  33.9977  11.9964  24.5541  16.5846  59.8637  54.7591  69.9915  45.7705  22.4407  29.6266 
6  32.0922 167  -2.3014  -2.8644  -9.1796  -6.9293  -3.3058  -3.5773  -4.7786  -5.6679  -5.1996  -1.1593  -7.4518  -0.8246 -10.9881   2.5555  -5.8390   2.2737 -12.5166  -0.4343  -2.1475   5.5347 -31.0156  -1.1584  36.9471  19.0956  30.5637  22.3188  28.7828  14.6245  17.3314  18.9980  77.7194  28.7502  54.5031  48.4739  26.4021   6.7047  36.0847  15.4168  39.7009  34.7716  70.9965  27.9855  16.7610  33.0961 
7  30.0441 241  -0.9712  -3.0623  -8.6817  -7.8998  -2.7398  -4.5442  -6.0029  -5.6766  -5.6142  -2.2248 -10.3051  -3.9369 -11.2575   2.3440  -7.3897   2.4505 -15.5343   1.3360  -4.3600   5.9016 -33.1796  -2.8117  28.1105  24.8922  24.1475  16.3141  19.3455  13.9309  22.6425  18.4123  59.0179  27.0750  57.5996  29.6076  33.0405   5.9956  56.0977  12.3129  51.6361  25.6327  68.0064  17.9214  21.4391  27.7925 
8  25.5157 212  -1.8513  -3.7528  -8.3492  -7.8100  -2.5716  -4.8159  -4.6947  -4.9741  -7.5141  -2.9237 -12.1107  -2.3316 -11.5455   2.4099 -10.1539   2.9675 -15.0338   1.0131  -3.9529   7.1386 -34.9028  -2.5610  21.4903  25.4988  22.1466  11.5382  18.6058  12.0763  21.2449  17.7935  45.0599  21.8764  55.0840  18.6529  20.3430   5.8732  60.1171   7.7820  39.0960  19.6863  58.5233  16.4911  19.5138  22.8517 
9  22.1022 197  -2.3449  -2.5771  -9.3604  -8.1498  -2.6690  -4.4278  -4.5413  -6.1276  -7.4869  -2.2974 -13.8967  -3.1734 -12.1396   1.8262 -10.3564   3.6360 -16.9925   1.5814  -5.2801   6.3921 -34.2907  -4.0393  14.8242  25.6139  20.7490  10.7481  14.8535  12.7285  14.9229  14.0186  35.5931  15.9433  49.3025  13.8648  20.3133   3.6096  47.8109   9.0978  47.4490  10.8999  54.7210  11.4690  14.0697  23.6461 
10  16.5962 303  -2.1533  -3.0517  -9.8239  -7.7736  -3.6196  -3.9365  -5.3810  -6.3976  -7.7433  -1.7305 -14.7791  -3.0933 -12.4787   1.8765 -11.0201   3.5701 -18.5802   1.6691  -5.1518   6.5724 -35.5747  -4.0897  11.7116  13.6271  13.5965   9.5815  12.0032  14.3069   8.9425  10.7699  21.2583  14.2630  48.4093  12.3936  11.6409   3.5373  29.6393   6.3478  39.7906   6.8924  29.7819   8.6330   9.2913  28.6977 
11  15.5467 256  -2.4123  -3.5951 -10.2710  -8.2399  -4.4456  -4.9255  -4.8459  -6.8726  -7.1322  -1.3308 -16.2611  -3.5757 -12.9436   1.8892  -9.8713   3.7459 -17.4157   1.8047  -5.7814   6.8625 -36.4586  -5.6642   8.4148  13.0494  12.3541  15.9381  10.5012  18.0948   7.4513  13.1231  16.4582  16.0066  39.2990  10.9908   8.1688   2.9979  24.9106   4.8718  56.8199   8.2428  19.5334   6.2497   6.0018  22.5501 
12  13.7411 330  -2.0029  -4.2826 -11.5611  -7.2574  -4.3938  -4.3119  -4.9776  -6.7114  -7.9377  -1.7502 -15.8693  -3.9175 -12.6940   1.7376 -10.4592   4.0930 -18.1318   2.2787  -6.3029   6.3317 -37.0876  -5.7708   6.5765  10.3659  13.3547  13.2133   7.8766  13.2108   3.7578  13.0522  11.0946  18.9682  33.6049   6.9623   8.0132   4.7132  25.5653   3.0315  50.6792   7.0426  19.5505   5.4618   4.6914  21.5174 
13  11.0214 297  -1.5193  -4.3574 -12.0495  -6.3793  -4.5104  -4.1299  -4.6218  -6.6835  -8.6543  -1.1651 -12.7528  -4.0515 -11.8119   1.8168 -11.6076   3.7505 -17.6163   2.4331  -6.4578   6.0348 -37.4743  -4.5015   7.1473  10.2495   8.0117   8.8444   5.4659  10.4462   4.6932   9.8995  12.6105  16.7265  32.8146   4.0464   6.3786   3.6222  16.2366   3.0530  35.8129   4.9808  16.6287   4.3995   3.9750  16.4269 
14  12.7444 265  -1.0539  -4.5045 -13.1122  -6.6316  -5.0326  -3.3159  -5.0949  -7.2768  -8.3666  -0.2211 -12.7456  -4.3753 -12.7169   2.1737 -11.8232   3.7368 -18.5254   2.9720  -7.5106   5.8192 -39.6393  -4.7211  10.1306   6.5504   8.5410  11.0147   5.4719   9.8420   4.8439   7.0349  15.4769  14.9711  46.5685   3.1183  10.2223   3.6146  15.6090   3.8801  37.9678   5.8947  11.6795   4.7791  15.7641  27.4003 
15  11.7642 261  -2.0003  -4.2082 -13.4919  -7.7382  -5.3293  -3.1616  -6.6707  -8.4245  -9.4616  -0.6479 -12.0674  -5.1403 -13.3126   2.1334 -12.5317   3.4068 -19.2397   3.5515  -8.7202   5.0215 -41.9649  -6.1017   5.5146   6.5399   5.6019   9.9784   4.7129   9.5882   4.0011   6.3479  18.2296  16.3285  33.1424   2.6318  10.9883   3.1686  17.0549   4.2971  31.1653   3.2225   8.6800   5.3982  25.7815  26.4389 
16  11.4373 325  -1.8632  -4.3654 -13.3503  -8.6692  -5.3724  -3.7998  -6.6037  -8.0723  -8.3286  -0.8401 -10.2088  -4.9375 -14.2745   2.0471 -12.3044   3.3214 -17.8565   3.7331  -9.3476   4.8523 -41.9959  -5.9098   4.4519   6.0144   4.7914   4.8898   3.3946   7.8946   2.8602   6.2552  28.6763  16.4906  47.0022   3.4815   9.1616   2.5176  12.8759   3.4656  19.9874   3.8390   5.6736   5.3504  22.1290  30.4179 
17  10.3435 266  -1.7443  -4.5319 -12.5058  -8.8992  -5.3626  -4.8531  -7.1357  -8.0017  -7.5428  -1.8966 -12.7149  -5.6630 -14.4243   1.8795 -11.2384   3.6271 -18.6453   3.7714  -9.3430   4.0705 -42.9260  -6.3936   3.1742   6.0624   4.4325   5.8290   2.3376   7.2095   2.3006   5.5188  24.2576  17.9245  41.9007   1.9279   8.5765   3.1061  10.3754   2.7310  21.0788   2.9533   6.3108   6.1626  14.3639  29.0226 
18   9.1003 281  -1.9892  -4.2053 -12.7622  -8.6597  -5.7133  -4.4530  -7.2598  -8.5256  -7.6579  -1.7640 -14.3122  -5.3973 -14.8213   1.8585 -10.9586   3.8152 -18.6833   3.4583  -9.2946   4.0687 -42.4149  -5.4729   2.8120   3.8003   4.0600   4.1021   1.8929   4.6474   1.9485   4.8706  20.8575  18.5308  37.7226   1.1404   8.4064   2.5529  14.1683   2.2938  11.8554   2.1369   4.5596   4.1783  14.3015  29.3678 
19   8.9628 302  -1.9932  -4.5464 -13.0632  -8.6772  -5.7644  -4.5978  -7.4929  -8.7657  -7.7612  -1.6807 -14.4276  -5.7087 -14.7736   1.7643 -10.3156   3.5337 -20.1986   3.8898  -8.8326   4.1071 -43.1338  -5.9941   4.0016   2.9685   3.6162   2.4414   1.3386   2.6052   1.3404   5.1385  16.7763  25.1213  34.4595   1.0104   8.5934   2.2240  13.0827   2.7988  15.7913   1.5301   5.2586   2.7864  11.8599  32.4376 
20   8.1538 284  -2.1375  -4.4119 -13.1399  -8.9345  -5.9542  -4.8132  -7.5312  -9.1694  -8.1739  -2.1301 -13.4037  -5.6376 -15.0627   1.6675 -10.3815   3.7319 -20.0289   3.9483  -8.4986   4.4349 -43.3664  -6.5077   4.2520   1.7373   2.4327   2.5497   0.8378   1.9648   1.1312   4.0135   9.6013  24.3273  37.3686   1.2700   7.1009   2.5312  13.5309   3.5266  13.0996   1.6147   4.3381   2.9424   9.6581  29.5544 
21   8.2102 271  -2.2838  -4.2298 -13.0909  -8.9694  -6.2939  -4.6686  -7.6499  -9.1577  -7.7398  -3.9818 -14.4229  -6.1713 -15.4059   1.6028 -11.3685   3.5278 -20.1569   4.0776  -9.1010   3.9858 -43.8071  -6.1011   3.2032   1.2826   1.8431   1.3558   0.6061   1.7481   1.1903   2.8801  11.4671  21.0685  40.8708   1.4459   4.8627   1.2836   9.9061   2.1801  15.8279   1.1597   4.4108   1.8430   8.8409  41.3484 
22   7.5899 279  -1.6394  -4.5218 -13.1175  -9.2309  -6.1765  -4.7429  -7.5712  -9.1974  -7.7082  -4.2619 -14.5754  -6.0504 -16.2430   1.6088 -11.2726   3.6528 -19.9153   3.8153  -9.2870   4.2277 -44.0899  -8.2704   2.7707   0.8686   1.6301   1.3835   0.4856   2.0431   0.6124   2.4613   6.4716  12.0937  38.7911   1.2891   8.7065   0.6178   9.2764   2.1256  11.2756   1.0562   4.0531   4.1978  10.3268  44.4404 
23   5.5123 299  -2.1237  -4.6090 -13.0811  -9.3243  -6.4059  -4.6799  -7.4446  -9.3712  -7.0586  -3.5478 -15.2762  -6.1643 -14.9865   1.4914 -11.1173   3.9893 -20.6137   3.8158  -8.6385   4.2228 -44.1163  -5.7844   2.5284   0.9361   1.3339   1.0587   0.5060   1.5307   0.4175   2.1721   3.7298   7.4789  19.9227   0.9293   4.8899   0.8226   6.0021   1.3186   9.6834   1.1181   2.7609   5.2688  10.7343  36.1267 
24   6.1629 315  -2.5172  -4.8075 -14.0678  -9.8413  -6.7532  -4.7623  -7.8674  -9.8669  -7.4730  -3.9694 -15.5829  -6.5388 -15.6817   1.8655 -12.6808   4.0080 -21.4166   4.0104  -9.6487   4.0656 -46.3858  -6.4894   2.2143   0.9138   2.1827   1.6623   0.7908   1.3463   0.6408   3.2691   4.5390  11.5487  15.3677   0.9241   7.2246   1.4670   4.5176   0.9940  10.5315   1.1940   3.5396   4.8173  21.1966  34.7015 
25   5.0131 327  -2.9360  -4.8577 -14.0144  -9.6581  -6.7137  -5.0062  -7.6465  -9.8337  -8.0798  -3.3760 -15.3304  -6.3992 -15.2387   1.7895 -12.3989   4.0769 -21.9702   4.0473  -9.3951   4.1058 -45.3601  -5.1282   1.7155   0.9896   1.3502   1.3315   0.5400   1.0613   0.5526   3.5389   5.5082   9.9991   9.3418   0.7301   6.0101   1.2552   6.8176   1.0577   7.9426   2.0866   3.4016   3.2116  15.0899  26.7553 
26   4.1241 287  -2.6959  -4.7607 -14.5029 -10.0924  -6.9534  -5.2249  -7.7415 -10.3164  -8.4234  -3.6702 -15.7423  -6.1620 -14.8778   1.6123 -11.5727   3.8820 -21.6338   3.8730  -9.9078   3.9039 -45.0252  -4.4202   1.8071   0.8254   1.0477   1.2920   0.3058   0.7432   0.3624   2.1493   7.4067   7.6397   9.9392   0.5336   5.1436   1.2196   4.6385   1.1565   7.5241   1.5373   2.9889   1.7778   9.0873  21.6054 
27   3.6127 285  -2.2801  -5.0281 -14.6001  -9.9293  -6.7845  -5.0110  -7.6570  -9.7165  -8.3764  -3.7802 -15.2828  -6.2273 -15.5204   1.9694 -11.7455   3.6845 -21.3758   3.6000 -10.2364   3.7605 -44.5847  -3.2854   2.0016   1.0260   0.6951   1.0577   0.4148   0.5656   0.2598   1.6787   8.1093   5.9113  12.0966   0.5749   4.8575   1.2591   3.6526   0.6931   6.3509   1.6282   2.4268   1.3384   7.7138  15.1665 
28   3.1122 315  -2.4824  -4.8667 -14.6341  -9.6016  -6.9658  -4.9111  -7.8274  -9.5616  -7.9588  -3.8667 -15.1099  -6.0686 -15.4232   2.4660 -11.8098   4.0217 -22.3160   3.5281 -10.1848   3.5956 -44.6110  -3.3248   2.3004   1.0460   0.5619   0.7936   0.3137   0.5508   0.2044   1.4176   5.2444   4.2790  14.7537   0.4412   4.0136   1.1117   4.7289   0.7534   5.8982   1.9492   2.9905   0.8055   6.2414   8.0687 
29   2.6164 275  -3.1647  -4.5128 -14.7684  -9.6712  -6.8597  -4.9393  -7.9037  -9.5870  -7.5737  -4.0206 -14.5539  -6.1583 -15.7006   2.8010 -11.8745   4.1604 -22.2769   3.1388 -10.3886   3.4277 -44.8934  -3.2711   1.2866   0.8602   0.4228   0.5633   0.4718   0.6612   0.1207   1.1497   5.4539   3.3076   9.6563   0.4288   4.7184   1.1310   3.7335   0.6812   5.1864   2.2114   3.4732   0.5929   4.4928   6.9572 
30   2.5850 282  -2.9773  -4.5141 -14.7998  -9.6907  -6.9498  -5.1977  -7.9365  -9.2639  -7.7603  -4.4747 -13.9257  -6.0161 -15.8278   2.6983 -11.8883   3.9604 -22.6907   3.0575 -10.3116   3.0781 -44.9810  -3.5369   0.9982   0.8214   0.4961   0.4819   0.2742   0.6373   0.1174   0.6460   3.7023   3.3662  12.7472   0.5614   3.8734   0.8893   2.6754   0.6820   5.0567   1.7629   2.6028   0.3578   3.5819  10.5374 
31   2.2069 303  -3.0744  -4.3086 -14.7433  -9.6682  -6.9747  -5.2400  -7.8581  -9.2743  -7.7829  -4.4182 -14.8248  -5.8911 -16.1467   2.5119 -11.4197   3.8301 -22.5579   3.0227 -10.4590   3.0496 -45.6550  -4.2796   0.6519   0.5028   0.4674   0.3941   0.1399   0.9477   0.1299   0.4679   6.1448   3.0022  10.8092   0.4177   2.5458   1.0119   2.0845   0.5684   4.2857   1.4802   1.8694   0.3215   2.3654   7.9437 
32   1.9056 310  -3.2250  -4.3909 -14.8730  -9.8337  -6.9273  -5.0298  -7.8674  -9.2612  -7.8336  -3.8801 -14.9982  -5.7885 -16.0801   2.5383 -11.5393   3.9070 -22.9338   2.9324 -10.5590   2.7690 -45.5138  -5.1040   0.4713   0.4121   0.5864   0.3152   0.1380   0.6170   0.1521   0.3387   5.2344   1.5089   8.9045   0.2453   2.2111   1.7386   1.6079   0.5018   3.8372   1.9173   1.2622   0.3193   1.8934   7.7107 
33   1.7303 294  -3.1555  -4.4645 -14.8594 -10.0111  -7.0373  -4.8940  -7.9530  -9.0559  -8.5981  -4.1745 -15.4580  -5.8462 -15.8120   2.8248 -11.7222   3.8715 -23.0693   2.6854 -10.7257   2.7566 -45.3593  -6.2413   0.4499   0.4393   0.4167   0.3177   0.1332   0.4533   0.2102   0.2727   5.0840   1.0582   8.4673   0.2181   1.3489   1.7176   1.4601   0.5502   3.6125   1.7176   1.0877   0.3274   1.4732   7.2498 
34   1.6428 311  -3.3950  -4.5387 -14.6916  -9.9562  -6.9786  -4.7720  -7.9008  -9.0038  -9.0643  -4.1164 -16.1024  -5.9052 -15.7952   3.0507 -11.8146   3.8503 -22.8646   2.4337 -10.6773   2.6853 -45.3629  -7.1208   0.3260   0.4978   0.2746   0.3898   0.1179   0.3995   0.3025   0.2252   3.4784   1.0567  10.8714   0.1791   0.9083   2.1594   1.0548   0.6206   4.9294   1.2505   0.8320   0.2476   1.3791   4.6407 
35   1.3091 268  -3.2533  -4.5479 -14.5886  -9.8398  -6.9647  -4.9128  -7.8676  -9.1152  -9.3860  -4.1479 -15.6645  -5.9034 -15.9985   2.9794 -11.7775   3.9899 -23.5657   2.7934 -10.7584   2.5700 -45.5703  -8.6028   0.2561   0.6472   0.2069   0.3678   0.0954   0.5475   0.3846   0.2169   2.3478   0.8611   7.2270   0.2039   0.7192   1.5785   0.7046   1.0858   4.3574   1.1216   0.6156   0.2713   0.9562   4.0288 
36   1.1611 307  -3.2932  -4.6770 -14.7087  -9.7282  -7.0114  -4.8511  -7.7683  -9.0427  -9.9739  -4.0416 -15.2137  -5.6796 -16.2845   3.0153 -11.4849   3.9771 -23.3674   2.7095 -10.8719   2.5045 -45.8318  -8.3953   0.2404   0.6231   0.2056   0.3230   0.1159   0.5387   0.2603   0.1492   2.4822   0.8930   5.6833   0.2642   0.9672   1.1245   0.6557   1.8154   3.2427   1.0873   0.3535   0.2862   1.0637   3.1685 
37   1.0866 348  -3.3410  -4.2290 -14.6829  -9.7646  -6.9680  -4.8926  -7.6078  -9.1047  -9.7014  -3.8937 -16.2672  -5.7694 -16.1104   2.7145 -11.1932   3.9786 -23.6154   2.4767 -10.7378   2.4551 -45.9152  -7.8366   0.1471   0.4470   0.1527   0.3367   0.1126   0.5791   0.1999   0.2632   3.4294   0.5934   5.3993   0.2279   0.8119   0.8217   0.6063   2.3943   2.1292   1.1639   0.2486   0.1622   1.1680   2.5114 
38   1.1016 320  -3.3283  -4.1654 -14.6901  -9.6666  -6.9704  -4.8240  -7.7499  -9.0880 -10.1879  -3.8967 -16.0134  -5.8631 -16.5154   2.8466 -11.0503   3.9325 -23.1953   2.6129 -10.7015   2.3787 -45.9873  -7.9004   0.1483   0.5863   0.1110   0.3777   0.1519   0.6453   0.1128   0.4641   4.4226   0.5387   6.4276   0.1129   0.8754   0.8293   0.3192   1.6211   1.4845   0.7579   0.2195   0.1711   1.2200   2.6381 
39   1.0790 279  -3.2464  -4.1572 -14.5549  -9.6591  -6.8727  -4.6831  -7.8054  -9.1932  -9.8121  -4.2561 -16.1329  -5.8292 -16.4513   2.5549 -11.2170   3.7073 -23.0816   2.8389 -10.7136   2.5822 -46.0364  -7.6117   0.1308   0.6457   0.1119   0.5921   0.1423   0.3450   0.0807   0.5104   4.8908   0.4524   6.3194   0.1078   0.9279   0.6735   0.4717   1.5075   1.5921   0.8461   0.1322   0.1637   0.8506   2.2428 
40   0.9601 302  -3.1724  -4.1051 -14.5330  -9.4983  -6.9526  -4.8489  -7.8844  -9.1843  -9.8770  -4.3228 -15.7856  -5.8397 -16.5165   2.5798 -11.2633   3.7449 -23.0164   2.7659 -10.7626   2.4654 -45.8517  -7.3477   0.1240   0.8686   0.1202   0.4676   0.1389   0.3561   0.1153   0.4373   2.9311   0.4769   5.5329   0.0845   0.7160   0.5667   0.3661   1.2375   1.5943   1.1562   0.0952   0.1561   1.1865   2.3947 
41   1.0073 347  -3.0884  -4.1544 -14.5482  -9.4224  -6.8744  -4.9863  -7.9382  -9.1840 -10.1770  -4.1665 -15.9065  -5.9188 -16.5784   2.3181 -11.2798   3.4041 -22.9560   2.7064 -10.7110   2.4896 -45.8151  -7.3301   0.1493   1.3917   0.0842   0.3506   0.1127   0.3418   0.0860   0.6499   2.3532   0.3556   4.7453   0.0809   1.0911   0.6909   0.4984   2.3531   1.1899   1.0539   0.1048   0.1178   1.8635   2.4969 
42   2.1758 323  -3.2464  -4.5952 -15.4664  -9.9758  -7.3255  -5.3640  -8.3424  -9.6706 -10.3234  -4.3506 -17.0375  -6.3577 -17.9417   2.0863 -12.0114   3.6294 -24.1385   3.2223 -11.2386   2.6341 -48.0880  -7.5045   0.2376   1.1540   1.5016   0.9952   0.4041   0.4990   0.5271   1.0720   3.2286   0.4341   5.8746   0.3096   3.2508   0.8983   1.2332   2.2156   4.2264   0.9286   0.8047   0.1515  15.1150   2.8072 
43   1.8581 289  -3.2376  -4.4162 -15.5100  -9.8959  -7.4919  -5.3251  -8.2067  -9.7162 -10.3920  -4.3663 -16.7131  -6.4685 -18.2131   2.4095 -12.0111   3.8131 -23.5511   2.9816 -11.3984   2.5289 -48.8342  -7.9377   0.1772   1.0990   1.5497   0.6646   0.3139   0.3961   0.6859   1.0861   2.5199   0.5082   3.6343   0.3059   2.5707   1.0222   1.1166   1.8441   3.7521   0.6145   0.6451   0.1662  12.9482   3.2579 
44   2.0879 303  -3.2953  -4.4826 -15.5186  -9.8702  -7.3629  -5.4726  -8.2457  -9.7675 -10.6326  -4.1059 -16.1212  -6.3839 -18.7961   2.2692 -11.8851   3.7842 -24.0764   3.0991 -11.6016   2.5798 -48.9309  -7.8019   0.1245   1.3481   1.2766   0.4257   0.2429   0.5100   0.4691   0.8497   2.1596   0.4358   4.3455   0.2324   3.6448   1.0255   1.6736   1.3828   6.5985   0.6109   0.4236   0.1418  15.0263   2.9863 
45   2.0144 312  -3.2016  -4.5751 -15.7292  -9.8987  -7.4112  -5.4534  -8.4304  -9.8164 -10.2031  -4.1730 -15.9934  -6.4396 -18.7647   2.1434 -11.8355   4.1644 -24.1837   2.9991 -11.8436   2.5818 -50.0980  -8.0235   0.1375   0.8006   1.1108   0.5831   0.1782   0.4825   0.3446   0.8735   1.9287   0.3707   4.4380   0.1663   3.2496   0.7575   1.5835   0.7647   5.4648   0.5839   0.3849   0.0811  17.2227   2.8095 
46   2.0453 323  -3.1619  -4.5133 -15.5342  -9.9042  -7.3404  -5.4125  -8.5604  -9.8097 -10.2688  -4.1301 -16.0346  -6.5056 -19.3660   2.3040 -11.7704   4.4246 -24.9062   3.2300 -11.8447   2.5955 -50.2929  -7.6862   0.1649   0.6216   1.3393   0.9077   0.1309   0.3912   0.2221   1.2637   1.6251   0.3094   4.2069   0.1471   4.0206   0.5922   1.0729   0.6213   8.8932   0.6713   0.3606   0.0778  14.2959   3.0607 
47   2.1368 339  -3.0795  -4.2331 -15.7004  -9.9221  -7.2968  -5.3216  -8.5733  -9.5920 -10.3771  -4.1134 -16.3133  -6.4815 -18.9681   2.5366 -11.8210   4.3513 -25.1011   3.4121 -11.6438   2.5232 -49.5745  -7.5772   0.1567   0.4945   0.9560   0.7062   0.0665   0.3482   0.1842   1.2945   1.3990   0.3606   3.3741   0.0894   4.2098   0.3892   0.7045   0.3612   8.3529   0.6584   0.3100   0.0807  19.1995   3.3134 
48   1.6930 344  -3.1080  -4.1633 -15.7401 -10.0282  -7.2769  -5.2926  -8.5444  -9.3334 -10.3611  -4.0528 -16.1346  -6.3924 -18.7822   2.4361 -11.8030   4.4340 -24.6063   3.2632 -11.7146   2.4136 -49.6829  -6.6380   0.1604   0.5826   1.1123   0.6226   0.0680   0.3119   0.1633   0.8153   1.1249   0.3449   1.9754   0.1111   3.5563   0.4374   0.6395   0.3535   4.5919   0.4988   0.3820   0.0705  16.5621   2.7611 
49   1.7531 285  -3.0105  -4.0781 -15.5132 -10.1389  -7.2716  -5.1421  -8.3738  -9.3892 -10.6629  -3.9681 -15.9367  -6.3572 -18.5323   2.5443 -11.9901   4.6041 -25.1987   3.1374 -11.5406   2.3900 -49.3447  -6.5588   0.0979   0.5471   1.1828   0.5272   0.0635   0.2551   0.1724   0.4998   0.9476   0.3142   2.0986   0.1088   5.3276   0.5520   0.5639   0.4916   4.5493   0.5208   0.5914   0.0526  16.0171   3.0865 
