10 20 22
0  81.4833 50   1.0660  -1.1131   0.8564  -2.4421  -1.0889  -0.3541  -0.3292  -0.2641   1.0844   1.9259  -0.5107   1.6688  -3.8414   0.3382  -4.7887   1.3975  -2.4895  -1.1260   0.4706   1.0978  -8.7411  -1.6353  81.3589  82.1674  70.6379  86.3647 101.6121  77.4369  59.9459 113.1740  69.9294  91.3174  91.9979  68.6647  63.3928  74.9387  55.4955  78.4679  66.0386  97.3085  70.5193  88.8690  94.7398 108.2560 
1  72.2836 63   1.4206  -4.1446   1.5547  -2.7720  -3.8394  -2.7469  -2.5097  -2.9248   1.2404   1.2450  -1.6409   2.7072  -4.5587  -0.5307  -8.6565   2.8547  -2.9435   2.6943  -1.7025   2.9553 -13.4259   0.9690  71.7988  58.3457  81.7385  80.1454 121.0715  48.3846  39.8325 124.8889  65.3486  63.0672  72.4586  43.6049  62.7290  54.2685  35.1861  68.3519  44.9300 173.4219  44.1305  78.8233  61.4520  96.2616 
2  53.1688 106   1.2174  -5.4166  -0.6943  -3.4928  -4.7914  -2.7865  -3.2350  -3.8092  -1.2146  -0.7587   0.4061   0.5446  -7.5433  -1.6318  -6.8040   2.4755  -4.0139   3.4885  -2.7580   4.6583 -17.2476   5.1307  79.7976  39.8901  81.3905  53.4821  73.5883  30.8473  35.4317  72.6281  58.4292  49.8385  53.7551  35.5586  56.1872  39.0692  45.2824  39.1055  44.8150  81.7532  36.3482  53.5112  39.5783  69.4263 
3  45.5531 107   0.5216  -8.0637  -3.1379  -4.3297  -3.7262  -2.9650  -2.9631  -3.1353  -1.4947  -0.8853  -0.8645  -0.1331  -8.7508   0.0257  -6.8170   1.6843  -6.7805   5.0699  -3.8324   5.4780 -19.0387   4.1100  58.6913  56.9264  72.2593  47.9292  54.3671  33.9504  26.3497  69.7214  40.3057  35.4771  50.3181  33.6105  50.0872  33.9285  48.7467  28.7346  31.6949  52.4656  35.9410  74.4377  25.9567  40.2692 
4  38.4370 134  -0.2110 -10.8628  -2.3858  -4.6391  -5.3731  -2.3099  -4.4735  -4.1450  -3.3193   0.0787  -0.8715   0.8466  -9.6401  -0.0860  -7.0507   1.4044  -7.6383   3.8668  -4.1550   6.5520 -22.1093   3.2465  62.5506  58.2941  54.7536  50.3532  28.2068  26.5718  15.8037  65.5895  36.6498  27.7651  30.9930  26.8972  53.3571  18.7346  34.1708  18.2659  36.3744  49.4743  37.4392  59.8750  26.5455  26.9492 
5  32.6803 147   1.5564 -11.9333  -2.0128  -2.9985  -5.3116  -3.3325  -4.3541  -4.2608  -5.0241   0.9861  -0.5459   1.1733  -8.9537   0.6749  -6.8551   1.5171  -7.1616   3.6849  -4.1971   7.0284 -25.0322   3.2566  44.9693  64.4355  48.6908  65.3298  25.1215  28.9695  15.8023  42.0337  25.1990  22.3780  29.5780  15.6616  35.5853  13.0775  27.5450  12.4888  22.9324  49.5989  35.6143  41.2703  23.2469  29.4380 
6  27.5877 148   3.5074 -13.6880  -2.1208  -3.8577  -3.8226  -4.4206  -4.2395  -5.7022  -4.2524   0.8178  -1.3446   1.5283  -9.2802   1.3229  -5.5014   1.9687  -7.7834   4.9335  -3.7827   5.6431 -26.8001   4.8303  46.6182  72.7640  38.1282  48.6326  16.3004  22.7919  11.0311  27.3543  16.7324  17.5495  45.8634  11.2723  37.5665  12.1063  21.6569   7.2381  14.3083  34.3418  33.9360  21.8302  15.4702  33.4364 
7  22.1732 197   4.3639 -13.1816  -3.4904  -5.5796  -4.0264  -3.5938  -3.7604  -6.5134  -3.8779   1.5049  -1.3309   1.3104 -10.3814   2.3790  -6.6543   1.8377  -7.9072   4.0427  -5.2146   6.1509 -27.6971   3.7662  33.2104  58.7729  35.0550  42.2854  17.2925  19.3122   9.9919  25.4930  10.2101  14.3212  39.3076   7.5538  24.5417   9.6376  23.3141   4.7242  15.4895  19.2477  22.1246  11.7548  10.4261  33.7440 
8  17.5486 205   3.3473 -14.5163  -3.3219  -6.9353  -4.3055  -3.4444  -3.6241  -5.7068  -3.6143   1.5142  -1.5448   1.0990 -12.6895   2.9219  -8.1732   1.8485  -8.4932   3.4086  -6.2130   6.7196 -30.5411   3.8623  27.4036  41.6481  26.5781  33.6767  10.5991  16.9222   8.7186  21.6753   8.7218   8.5845  24.9217   5.9173  15.3462   9.7477  14.7208   4.9413  16.7481  15.3994  15.4855  13.0347  15.1644  30.1135 
9  15.8781 209   3.2411 -12.6874  -2.0509  -5.5242  -3.8532  -3.6312  -3.6443  -5.0691  -4.6963   1.9834  -3.5603   0.7108 -12.6415   2.7742  -7.6152   1.9654  -9.4911   2.1629  -6.6532   5.2535 -32.4976   4.2599  24.9894  31.6253  28.5511  26.3577   5.5394  15.3911   8.3193  17.6696   7.9720   7.1946  24.9115   3.8844  14.9825   7.2748  16.7517   3.5676  13.4323  11.9161  25.3438   7.2006  16.9413  29.5018 
10  14.4035 233   2.9819 -10.9879  -1.3870  -4.0164  -3.9203  -2.2975  -3.9355  -5.2925  -5.2025   2.1346  -4.8058   0.3821 -13.8016   2.7475  -7.8252   1.9241  -9.4421   2.6916  -6.6104   5.9491 -33.0455   4.5623  19.3144  29.2047  25.1254  22.3706   4.9909  11.1289   6.6439   9.1957   6.0221   4.2442  17.1059   2.9074  13.8433   7.2491  20.3423   2.4632  14.8781   6.8201  30.9737   8.6751  13.2635  40.1146 
11  12.7617 266   2.4431 -11.0053  -2.0030  -6.3220  -4.9479  -2.4450  -4.0188  -5.8143  -5.0059   2.2219  -3.8499   0.3525 -14.0525   2.8588  -7.3511   2.4276 -10.4528   2.4443  -6.7111   4.8171 -34.2940   2.3163  21.2308  33.9255  19.5155  14.8591   2.4946   9.3849   6.3400   7.0966   5.9985   3.9942  17.2142   1.6131  11.3332   6.7038  21.4752   2.2420  12.7177   4.5872  25.8063  10.0387  16.8066  25.3794 
12  11.1915 304   3.6813 -10.8419  -2.3346  -6.8105  -4.8288  -2.1096  -4.3060  -5.4758  -4.8411   2.0337  -3.7825   0.5049 -14.7905   4.0620  -7.4777   2.9511 -11.6558   1.9872  -7.1753   4.6331 -33.6716   1.2522  15.7402  30.7964  13.2823  12.3776   3.3782   7.3035   7.0214   9.7523   6.0142   3.2617  14.2858   1.3484  10.3970   4.5924  15.3526   1.8544  12.6143   3.0386  16.1335   7.7287  19.7848  30.1557 
13  10.0323 239   3.1316  -9.7959  -1.6571  -6.7982  -5.0368  -2.3076  -3.7145  -5.6264  -4.9496   1.5238  -4.4651   0.6609 -14.8930   3.8117  -7.0843   2.8177 -11.2571   1.4307  -6.8646   3.4475 -33.6340   1.8573  20.4195  23.2536  11.0767   9.3152   4.5780   8.9509   4.5296   7.2509   7.1399   2.8537   8.3283   0.7660  10.8256   5.5982  10.5435   1.4255   8.0849   2.3028  18.8559   5.4838  14.0499  35.0791 
14  10.2568 296   3.6636 -11.4237  -2.1114  -5.5456  -4.9521  -2.3020  -3.6701  -5.4408  -5.7196   2.3966  -4.8735   0.6855 -16.6213   4.3673  -8.7793   2.7493 -12.6098   1.3427  -7.6125   4.0466 -36.2716   3.4198  18.3205  18.6173  13.1209   7.6883   6.9111   7.0015   2.8601   8.1464   5.4479   2.5317  10.5503   0.8696  16.5978   5.0195  12.5244   1.7807  10.2223   2.1258  14.0923   7.6750  28.4072  25.1387 
15   8.0483 258   3.1348 -10.4079  -2.0302  -5.1894  -5.4742  -2.1504  -3.4197  -4.9576  -5.4277   2.1736  -5.4148   0.3715 -17.0353   3.8543  -8.3392   3.0940 -13.2928   0.7619  -8.8260   3.4266 -35.9614   3.7134  10.1752  13.8779  14.8979   6.5961   4.8428   4.6005   2.4707   6.7900   4.2100   3.5619  15.1548   0.6160  12.5130   3.4546   8.2667   2.1325  10.0626   1.8369   7.8563   9.4995  17.3186  16.3276 
16   8.7853 314   2.2459 -11.1701  -1.8544  -4.9651  -6.3451  -2.4404  -3.9097  -5.4175  -6.1978   2.3246  -6.5825   0.4777 -19.0388   4.0224  -9.7933   3.3562 -13.1659   0.6594  -8.5237   3.7084 -36.9366   3.6512  10.1802   9.2733  10.6062   6.8361   4.8264   4.3771   2.4765   6.1670   6.8500   3.4242  11.4341   0.5196  21.3282   2.0390   8.0804   1.6153  10.4660   1.7356   9.5825   9.8977  31.7294  19.8307 
17   9.4371 244   1.4554 -12.3864  -1.6684  -4.5705  -6.1426  -2.4048  -4.4247  -5.1233  -6.3982   2.2219  -6.8568   0.6465 -19.0816   3.7694  -9.3236   3.5154 -14.0722   0.6506  -8.1152   3.7560 -36.8036   3.5049   7.2570   7.1453   9.9023   6.7889   4.4592   2.3152   2.0345   6.4495   6.7717   2.9419  12.0072   0.3960  24.7251   1.9968   9.0007   1.2700  14.1778   1.4108  12.7413   7.9938  42.4434  23.3890 
18   8.1666 280   1.5836 -12.5645  -2.2026  -4.9029  -5.9774  -2.2172  -4.5191  -5.6033  -7.0415   1.6625  -7.9021   0.6284 -18.2337   3.6552  -8.9735   3.3705 -13.3442   0.7053  -8.0571   3.9897 -36.7730   4.4327   5.2269   4.6388   7.3683   4.3969   2.7702   1.6440   2.7750   3.6373   4.8082   2.6302  12.5866   0.4379  33.7472   1.0222   9.0452   1.4643  14.6722   1.5693  12.4889   7.6781  29.5804  15.4779 
19   6.6057 256   1.1484 -12.4355  -2.7970  -4.7754  -5.8996  -2.0707  -4.2111  -5.5117  -6.9261   2.0809  -8.1764   0.4581 -17.4323   3.5556  -8.6351   3.4156 -13.4428   0.8211  -8.3084   3.8329 -37.5670   4.1961   5.7988   4.4906   8.0576   2.5844   3.2151   2.5198   1.8271   4.0781   3.5349   3.2244   8.3681   0.3659  24.5080   0.7837   8.9186   1.1122  14.8491   1.7316   8.2939   7.7451  17.9966  11.3213 
20   5.4385 315   1.0459 -12.8104  -3.2474  -4.7435  -6.2534  -2.1082  -4.3738  -5.5792  -6.9042   1.8374  -8.3775   0.2400 -17.8025   3.5897  -8.8776   3.2920 -12.6893   1.0056  -8.9634   3.3785 -37.5479   4.5164   4.3264   6.0306   5.3222   1.7669   3.4247   2.1171   1.5237   3.6057   2.7353   3.4812   6.2170   0.3788  20.1898   0.5835   9.5502   0.6965  11.0531   1.3108   7.2885   7.9417  12.2296   7.8743 
21   6.2271 272   1.7857 -13.7410  -3.7197  -5.0975  -6.8088  -2.7559  -4.5852  -6.5235  -7.0169   2.0448 -10.2902   0.3218 -17.8186   4.1129  -9.2015   3.4057 -14.4339   1.0098  -9.6004   3.6000 -38.8042   5.2280   4.2332   5.9793   7.8831   1.9111   3.3930   2.5049   1.6862   5.7034   2.2580   3.9596   6.9816   0.3806  22.6824   0.4401  12.8455   0.7781  10.6648   1.4346   6.0756   8.0483  20.4644   6.6888 
22  11.0185 278   1.8927 -15.7905  -4.5908  -5.7978  -7.7239  -3.1324  -5.4896  -7.8642  -7.7993   1.7586 -12.0716   0.3120 -21.1169   4.5162 -10.6945   3.5453 -16.3831   1.1670 -10.4459   3.9696 -43.1445   6.3875   4.5290  13.1254   7.5407   3.8842   5.2180   2.7669   2.7475   8.5809   3.3733   4.7055  11.9030   0.3448  43.5614   0.9445  17.1110   1.4384  19.5459   1.9180   8.8662   8.1218  64.1704   8.0113 
23  10.2786 276   1.9260 -16.9796  -4.7822  -5.6294  -7.7383  -3.5153  -5.9617  -8.5315  -8.4655   0.9789 -12.6771   0.2967 -21.8060   4.8627 -11.0023   4.0801 -18.3955   1.3723 -11.2735   3.1917 -48.1011   7.1961   3.9526  11.2171   3.9236   4.0711   5.0595   1.8295   1.8207   8.7131   3.3843   3.6716  16.2833   0.2970  39.9957   0.8830  12.2928   1.2262  23.8423   1.6560   9.4510   7.9299  57.6339   6.9958 
24  15.7566 296   1.5191 -18.6856  -5.7565  -6.1685  -8.5714  -4.5729  -6.9036 -10.5364  -9.3369   0.3828 -14.7833   0.2197 -25.1718   5.2268 -13.5800   4.7129 -20.9786   1.5287 -12.0940   2.4689 -55.0595   9.0700   5.7142  17.8444   4.1187   6.1170   6.2566   3.3593   3.2935   9.2643   7.5291   2.7066  20.6487   0.3737  47.8968   1.6756  14.3239   1.9027  35.1346   1.7287  18.0052   5.4620 122.2866  11.0020 
25  16.5637 305   2.2891 -20.7009  -5.5778  -7.3413  -9.7788  -4.9545  -7.0473 -10.2303 -10.7142   0.3471 -16.1669   0.1898 -26.0394   5.5360 -14.5033   5.0127 -20.9773   1.3391 -14.6164   2.2264 -55.9644   9.6902   4.8684  12.6700   4.0608   6.4078   6.0897   3.8439   2.3251  10.7420   7.4328   3.1090  20.6998   0.2653  44.6645   2.4148  19.4710   1.2798  42.5150   2.8707  25.1527   5.1740 130.4950   7.8503 
26  15.2994 316   2.9659 -21.8377  -5.4630  -7.9902  -9.3208  -4.6338  -7.3864 -10.1055 -10.8273   0.2290 -15.0946   0.0925 -24.9426   5.3722 -14.9012   5.1486 -22.5327   1.3478 -15.5442   2.1524 -58.0780   9.0406   4.3074   9.3430   3.8968   4.5005   3.8171   3.4308   1.3806   6.5762   4.8442   2.9998  21.0199   0.2728  39.7051   1.8142  17.4210   1.0189  33.4434   1.9330  24.4522   3.6348 137.3257   9.4504 
27  14.7755 289   3.3425 -22.1772  -5.9937  -8.0867  -9.3949  -4.9789  -7.3079  -9.8152 -11.8729  -0.0026 -15.6330   0.0433 -25.1912   5.5290 -15.1503   5.2140 -22.2689   1.4482 -15.4742   2.6523 -60.8336   8.9428   4.6366  12.8341   3.9497   3.1778   3.2298   3.6936   1.3574   5.6375   2.8418   2.4363  13.6152   0.2828  58.7011   1.2800  18.2410   1.1618  28.6299   1.3072  33.7296   1.8821 117.9471   4.4886 
28  13.1253 330   3.4690 -21.8932  -5.8576  -8.3422  -9.8946  -4.5780  -7.8415 -10.1755 -11.4918  -0.0101 -16.7067   0.0825 -24.3631   5.4848 -15.6584   5.0662 -20.7626   1.2945 -16.2980   2.3773 -59.1639   9.0848   3.2946  17.9717   3.7226   3.5763   3.1488   2.0179   1.3093   5.4648   1.8647   2.2067  14.2950   0.3608  41.8068   1.1988  26.3220   1.3065  17.9049   1.5136  33.9666   1.3739 101.4464   2.6839 
29  14.7216 279   3.7652 -24.9191  -6.2429  -8.1990 -10.4396  -4.5404  -8.3501 -11.5687 -11.9144  -0.4533 -18.6919   0.0258 -27.1296   5.5083 -15.4892   5.1708 -22.8928   1.1140 -17.6231   2.7140 -63.4472   9.4764   3.8120  20.9362   4.1445   3.2728   4.6759   1.9818   1.9195   5.7606   2.6575   2.8564  14.3951   0.3565  43.7223   1.3479  41.7434   1.1530  21.6570   1.2976  46.6378   0.8354  95.0994   3.6130 
30  13.3199 316   4.4966 -25.3013  -5.2852  -8.0308 -10.5153  -4.6587  -8.2445 -12.0505 -11.7627  -0.6024 -17.8484  -0.0845 -26.4302   5.3919 -14.8989   5.0603 -22.9338   0.9985 -17.6127   2.3946 -66.7447   9.1324   2.2801  20.7668   5.4440   3.1908   5.4315   2.0525   1.7462   4.2247   2.8823   1.9153  17.0060   0.3089  24.7853   1.2660  28.3774   1.1991  29.1020   1.2790  48.1912   0.7332  87.4191   3.4354 
31  12.4529 324   4.4013 -26.9213  -5.1671  -7.7650 -10.7540  -4.6252  -8.1522 -12.0523 -11.8718  -0.6676 -18.8825  -0.0533 -26.7422   5.4555 -16.0508   5.0989 -22.9659   1.1666 -16.6950   2.1605 -66.3070   8.9601   2.0213  18.6794   3.8478   1.9069   4.4468   1.6681   2.0557   3.3671   2.8954   1.4104  15.9988   0.3030  21.0251   1.2940  26.0064   1.3141  24.0230   1.1553  31.8884   0.7612 104.9356   2.9602 
32   9.7164 289   4.1204 -26.5219  -5.0028  -7.8633 -10.9622  -4.8776  -7.7794 -12.1469 -12.0922  -0.8591 -18.6809   0.0744 -26.9874   5.6171 -15.8693   5.1624 -24.5191   0.8570 -15.3846   1.8029 -64.5531   8.7239   1.8392  15.0643   2.8586   2.3310   3.5233   1.5766   3.1015   2.0640   2.7417   1.1757  23.2473   0.1725  15.0657   1.8738  19.9462   0.7497  19.9441   1.0923  28.1766   0.5038  64.2727   2.4397 
33   9.4618 271   4.3759 -26.7804  -5.0191  -7.5910 -11.0448  -5.1797  -7.6630 -12.4453 -12.4333  -1.4895 -19.0763   0.0907 -25.7991   5.5713 -15.8839   5.1967 -25.5843   0.7951 -16.3364   1.4986 -62.3195   8.4462   1.2919  23.1990   3.6940   3.0120   2.8794   1.1082   2.6505   2.0842   2.6880   1.0777  23.0039   0.1235  12.7621   0.8896  15.4200   0.5914  23.4907   0.7597  19.8996   0.4082  65.3564   1.7702 
34  11.1818 331   5.1423 -27.9195  -5.2652  -8.5133 -11.3253  -5.4561  -8.1401 -13.2802 -13.7381  -1.5935 -20.8140  -0.1047 -27.4738   6.0138 -17.3885   5.4707 -26.4087   0.7634 -17.6578   1.5723 -67.4917   9.6054   1.9367  24.9142   3.9971   2.9630   4.8024   1.3044   3.1207   3.0490   3.7154   1.6436  20.5322   0.1108  12.7902   1.2943  19.9406   0.7882  20.0928   0.8505  14.4197   0.3108 101.1240   2.2982 
35  10.1180 263   5.2610 -27.4065  -6.0869  -8.9405 -11.8040  -5.2123  -8.3005 -13.0817 -13.8481  -1.7041 -19.9954  -0.0996 -27.2900   5.7802 -17.2265   5.3665 -25.7659   0.6345 -18.2098   1.6490 -67.1977   9.5417   1.4591  15.8729   4.3946   3.1983   5.3975   1.3570   4.0509   2.0234   2.9701   1.6498  16.0182   0.0978  11.3951   1.3551  32.2641   0.7457  19.4364   0.7668  11.5506   0.1765  84.6527   1.7624 
36   8.1814 312   5.5918 -28.3171  -6.4278  -8.5351 -12.0572  -5.1881  -8.3266 -12.8237 -13.7888  -2.0658 -19.7472  -0.1138 -28.2521   5.7149 -17.5874   5.8052 -25.7334   0.5180 -17.8253   1.7481 -71.7977   9.3167   0.9207  10.1835   5.2406   3.3301   4.9428   1.0141   5.5680   1.4868   3.5459   1.6912  21.7314   0.0889   9.6759   1.1482  18.7542   0.7933  16.8468   0.8845  17.6993   0.1387  52.6761   1.6297 
37   7.9953 317   5.4143 -27.7255  -6.2381  -8.6920 -12.9644  -5.0996  -7.8493 -13.1568 -13.9749  -2.1785 -20.1443  -0.0687 -27.8547   5.4123 -17.1206   6.0722 -24.9254   0.3812 -16.8855   1.6715 -71.0019   9.0103   0.8785  10.3323   5.9066   2.7654   3.1879   0.8708   4.2809   1.5208   2.3823   1.3827  31.6765   0.1238   8.8397   0.9423  21.5017   1.3446  21.1082   0.5291  14.7012   0.1002  40.1325   1.3891 
38   6.9595 306   5.1894 -28.8857  -6.8160  -8.5805 -12.2743  -5.0089  -8.4733 -13.3718 -13.7352  -2.3331 -20.2518  -0.0708 -27.0581   5.3402 -16.1264   5.7744 -25.1059   0.3079 -16.7599   1.6186 -70.4053   9.1077   1.0660   7.2519   5.8612   2.6661   2.3094   1.2064   3.0610   2.0428   1.9132   1.2360  19.2464   0.1163   9.8789   0.7781  16.2653   1.2812  20.5430   0.5453  15.1809   0.0940  38.9321   1.6336 
39   9.3951 319   5.4655 -30.0444  -7.3363  -8.8569 -13.0717  -5.2394  -8.4563 -14.0077 -14.2417  -2.3942 -20.4287  -0.0075 -28.3651   5.3441 -17.8114   6.0567 -26.9762   0.2308 -18.5026   1.7858 -75.8366   9.9300   1.2871  11.6433   7.9855   2.5501   2.9196   1.1000   2.6076   2.8158   4.1318   1.6910  25.5263   0.0979  11.6377   0.9487  19.3040   1.5275  29.8282   0.6739  17.6768   0.1622  58.6246   1.9521 
40   8.0506 366   5.4913 -28.9025  -8.0838  -8.5645 -13.3620  -5.0047  -8.5062 -13.9997 -15.0250  -2.0639 -19.9780   0.0375 -28.2825   5.4273 -18.6539   5.7239 -27.2976   0.3695 -18.3121   1.7432 -72.3492   9.8424   0.7651  10.0130   9.0830   2.5595   2.5103   1.0795   2.8458   3.4315   3.4953   1.4152  14.1895   0.1576   6.1481   0.7338  27.9843   1.7059  27.9190   0.8157  15.0278   0.2200  42.5231   2.4899 
41   8.0470 329   5.4375 -30.0392  -8.4474  -8.2385 -13.4069  -4.8319  -8.5714 -13.8651 -14.5684  -2.2421 -20.1003  -0.0152 -28.1550   5.2561 -19.0700   5.9936 -28.9315   0.4677 -18.4934   1.6148 -72.2139   9.9182   0.9200  17.1312   9.6814   1.3457   2.7657   0.9762   3.3387   3.1644   3.7202   1.3064  10.9601   0.1446   4.4460   0.5545  26.0810   1.1431  18.9636   1.1488  17.8865   0.1833  46.5436   4.6287 
42   6.0805 313   5.5968 -27.9275  -8.6382  -8.2035 -12.9644  -4.7086  -8.6346 -14.0057 -14.6234  -2.1946 -19.2395  -0.0236 -27.8774   5.1831 -18.6042   5.7788 -28.4555   0.8584 -17.8611   1.5361 -70.2111  10.1625   1.3825  14.8765   8.4855   1.2221   2.3348   0.6082   2.7581   2.9538   4.2951   0.7584   7.2460   0.0912   4.9528   0.4888  21.3923   0.9912  10.6978   1.7254  13.5745   0.1441  28.5489   4.2426 
43   6.0274 337   5.6177 -28.0808  -9.2860  -8.4087 -12.9302  -4.6822  -8.5993 -14.1612 -15.1244  -2.2676 -19.8686  -0.0223 -27.4293   5.2239 -19.5214   5.5840 -28.4364   0.6851 -17.4646   1.5872 -70.4411  10.1959   1.3022  12.9815   5.8473   1.7481   1.3014   0.4529   2.4216   4.4159   3.3589   0.5101  10.9439   0.1209   6.1447   0.6819  26.2992   1.4468  14.0539   1.2118  12.1282   0.1280  21.2358   3.8688 
44   5.8207 315   5.2555 -28.5856  -9.5687  -8.7410 -12.8974  -4.4525  -8.3189 -14.5705 -15.1149  -2.3692 -20.2329  -0.0584 -27.9542   5.2195 -19.3055   5.6409 -28.6869   0.7781 -17.7815   1.4938 -68.9232   9.7883   0.8662  13.9524   7.3742   2.6269   0.9609   0.4255   2.4370   3.6818   2.1991   0.4445  11.4148   0.1869   7.4610   0.3788  27.0888   1.4417  11.5921   1.4039  10.1324   0.0797  18.2893   3.6167 
45   5.2707 316   4.9739 -29.8196 -10.0794  -8.7415 -12.7910  -4.6456  -8.3436 -14.2398 -14.6049  -2.3475 -21.3393  -0.0694 -27.5535   5.3327 -19.3390   5.5688 -27.5192   0.4025 -17.2551   1.4315 -69.2905   9.4640   0.8103  11.6376   7.5397   2.6111   1.2149   0.4391   2.1926   3.5147   2.5369   0.3588  11.4548   0.2500   5.0605   0.2457  24.9182   1.3907  11.5460   0.9222   7.6998   0.0644  15.1188   4.4286 
46   5.2989 371   5.2315 -30.3192 -10.0054  -8.7832 -12.5831  -4.6831  -8.7287 -14.6399 -14.6442  -2.3798 -22.4423  -0.0924 -27.7738   5.2879 -19.3719   5.2668 -27.5377   0.6304 -17.1930   1.3814 -70.2964   9.2100   0.6715  10.2118   4.8375   1.9585   0.9708   0.3160   1.3322   3.6467   1.9730   0.3304  12.4975   0.1984   6.9286   0.2356  23.8231   1.1027   9.4344   0.9431   6.4590   0.0954  22.2866   6.3220 
47   4.0892 299   5.4462 -30.2555 -10.2856  -8.4323 -13.0002  -4.9164  -8.6051 -14.8027 -14.5792  -2.5198 -22.8735   0.0031 -27.8384   5.3314 -18.3826   5.4257 -26.9618   0.5282 -17.4157   1.3583 -70.7468   9.1261   0.6693   5.3712   3.4711   2.7286   1.3892   0.1872   0.9260   2.4327   1.7608   0.2740   9.8605   0.1939   9.0478   0.1437  18.1850   0.5932   9.6102   1.2286   4.9412   0.0996  12.7948   4.0534 
48   6.6950 371   5.7729 -32.7090 -11.0997  -8.8737 -13.7163  -5.0931  -8.9887 -15.5278 -15.8472  -2.6702 -23.5297  -0.0190 -29.1641   5.7415 -18.6490   5.8953 -29.0113   0.5257 -18.5076   1.4113 -74.5251   9.5413   0.7887  11.9954   3.5795   3.1431   2.5664   0.2634   1.5904   4.7151   3.1657   0.2860  10.5926   0.2004  14.1944   0.3467  15.0548   0.9105  10.6183   1.3430   7.3342   0.1663  50.2500   4.1849 
49   6.2716 351   5.5136 -32.8183 -10.9817  -8.7803 -13.6935  -4.9860  -8.9954 -15.7680 -15.8982  -2.7906 -23.7456  -0.0587 -28.4390   5.6587 -18.8056   5.7839 -29.6038   0.6453 -18.2720   1.3249 -73.8393  10.2989   0.6855  11.8932   4.2409   2.7126   2.8607   0.2552   2.8165   5.8004   3.1344   0.2121   8.4905   0.2478   9.6258   0.2501  10.1098   0.7213   9.9797   1.0225   7.4471   0.1654  50.9995   4.3038 
