10 20 22
0  91.0699 31  -1.3064  -4.1388   3.2127   1.0675  -3.3486   0.6180  -1.7119  -1.9693  -1.5898  -0.0748  -2.0797   1.2373  -5.1733   0.1355  -1.8742   2.5998  -2.2507   1.9389  -2.1453   5.1750  -7.6348  -0.3409 152.4391 204.8795 127.8296  96.2150  64.4834  60.7958 146.8099  81.5886  73.6532  83.5170  70.2128  70.7484  91.0056  73.3705  61.9145  66.9324  83.4967  69.2339  68.8001  81.2443  66.1107 108.2573 
1  78.7529 52  -1.2736  -4.2790   0.1377  -1.7064  -6.1554   1.2104  -3.7292  -3.8055  -3.2122  -2.3408  -1.7334   0.4513  -6.3934   1.7527  -2.5407   3.4813  -4.1995   3.3535  -1.7112   4.6230 -14.2151  -0.1019 120.3164 238.7903  98.3825  71.7023  44.0067  44.2901 151.4288  52.7052  68.8566  59.3605  52.2258  66.0020  68.2904  46.6319  58.9657  37.6796  62.2444  86.3489  62.0926  88.6855  49.1662 104.3913 
2  63.3428 86   0.6159  -8.8434  -1.9170  -4.3408  -6.6833  -0.4395  -9.1393  -3.6468  -5.6321  -2.3926  -2.8847   1.3946  -7.6241   2.3010  -6.2281   0.1551  -4.7990   1.0548  -4.7808   8.1535 -18.5605  -0.1373  96.9196 131.5354  67.4330  57.4492  57.3980  45.9019  98.8909  43.5795  58.2710  50.5638  45.8945  58.3338  49.1489  31.8088  40.7158  22.8454  51.8250  58.8649  65.7691  78.6634  39.2275 142.5013 
3  51.4886 113   2.2540  -8.4867  -3.8454  -5.5111  -6.1301   0.0240  -8.7936  -1.5179  -5.3729  -2.6917  -3.3913  -1.0071 -10.9404   1.0908  -6.7587   0.3257  -6.3363   3.3652  -5.8631   7.9374 -22.1141   1.4586  87.5043  74.7290  58.7819  35.0113  62.4478  43.0786 100.0577  39.5840  64.3744  39.0031  43.0710  57.3064  35.8996  18.0845  37.8535  14.3281  42.1713  43.0320  46.9456  52.2278  24.1874 113.0698 
4  41.7069 164   0.9121  -4.6686  -5.4228  -5.6533  -6.7275   0.6247  -4.7505  -1.9441  -6.1697  -3.1646  -3.2709  -0.4232 -11.1802   1.8821  -8.7052   1.4190  -5.7226   4.9186  -5.2590   8.3043 -22.6922   1.1408  65.3270  36.8616  31.5475  19.6035  46.3731  29.7778  87.7722  31.6082  65.1731  31.3892  43.1959  32.6747  41.9249  11.9799  41.0259  14.0502  42.3637  26.4846  43.0378  39.2850  21.9254 114.1696 
5  32.1823 188   2.1570  -5.6603  -3.4469  -5.5006  -6.3751   0.7790  -4.3522  -2.3654  -7.3590  -2.4192  -4.6520   0.0199 -11.4802   1.7207 -10.5949   2.6925  -8.4601   4.1316  -5.7789   8.4600 -24.6729   0.3363  44.4388  22.9768  19.6969  16.8620  35.2568  20.6057  69.7046  30.2502  34.4088  16.0088  41.2515  26.8546  48.2533   7.4958  34.5582  10.3967  27.7774  13.1914  32.0019  34.0264  20.4483 101.5454 
6  26.8838 188   4.2606  -7.1297  -3.8264  -5.7320  -8.3497   0.4116  -5.5641  -3.4569  -6.9408  -1.7347  -7.7367   1.0214 -12.1675   1.2295 -11.0743   2.2648  -9.8110   3.3659  -5.5012   8.5123 -25.8831   0.3733  35.0241  20.3025  13.0092  17.5804  32.0551  15.3817  55.9100  22.5679  27.2599  13.1536  45.1097  18.3256  30.6536   6.8567  36.5056   9.1937  27.1081   9.7446  22.5037  21.2404  18.6164  93.3417 
7  26.8783 203   4.6426  -8.5161  -3.3629  -5.8776  -8.1519   0.2007  -6.0341  -2.2808  -7.1552  -1.8253  -9.7316   1.0185 -15.0424   1.3422 -13.1484   2.2211 -10.5838   3.2682  -5.8572   8.5087 -27.8339  -0.8018  27.6962  19.2154  22.0410  23.6475  23.0134   9.9140  45.1986  18.6968  19.0803   9.5099  64.1814  20.2748  22.0471   7.5603  35.9360   6.1531  29.5213   6.4845  18.1698  19.9161  15.5070 127.5584 
8  26.4022 193   4.7943  -9.0845  -2.7771  -6.4910  -9.1949  -0.1954  -6.3294  -1.5552  -6.6963  -1.8077 -10.9087   1.4380 -15.3238   1.3256 -13.9623   2.4610 -11.0261   3.0297  -6.7945   8.8364 -29.6858   1.8501  19.3542  24.3565  16.6825  16.8644  20.6500  14.7673  30.3916  10.6555  12.7711   8.7796 123.1850  12.3508  27.1435   4.9330  30.8456   5.3851  28.4825   5.5505  21.3220  16.2899  18.4295 111.6583 
9  25.8648 224   4.9337 -10.4708  -2.9804  -6.0441  -9.5576  -0.8871  -5.0021  -1.1507  -7.4919  -1.6778  -9.9073   2.2050 -14.1412   1.4170 -13.1584   2.0226 -10.3653   2.8844  -9.3632   6.8553 -31.4086   4.9296  24.8445  16.8946  13.1529  13.4058  13.4630   9.6969  30.0510  13.5591  10.4454   8.4809 129.2250  10.4060  34.7624   4.3408  30.8974   5.0682  18.5055   4.2122  16.5997  11.5377  13.0231 136.4532 
10  27.1043 223   5.8899 -11.5127  -3.1330  -6.1521  -9.3410  -1.6044  -4.8370  -2.3128  -8.9193  -1.5591 -12.1738   2.7317 -17.0906   1.4652 -13.8191   2.3377 -12.9665   2.8293 -11.6272   6.5419 -36.6938   7.4091  21.2639  26.9343  17.2114   9.8251  15.8375   6.7405  23.1837  12.9970  15.1059   7.7803 134.8872  11.1951  37.5678   4.8540  37.2275   4.7307  20.3300   4.1492  20.9156  12.3106  41.5224 109.7257 
11  21.5679 272   5.1336 -11.3252  -2.1980  -6.1676  -8.8381  -1.3118  -4.8300  -2.1338  -8.8963  -1.5222 -13.2193   2.4127 -18.8608   1.1341 -15.0882   2.4218 -14.0888   2.7763  -9.9168   6.5476 -38.0483   9.1590  19.5446  21.4141  20.9898  10.0347  12.3102   3.9954  17.2678  20.1949   9.1411   8.0874  78.1111  13.1269  29.1412   4.8693  52.6543   3.4819  21.7515   2.3536  13.0287  10.2803  51.3632  51.3524 
12  18.4683 298   6.1834 -11.3966  -1.5918  -5.2898  -8.5646  -1.3562  -3.6397  -3.2323  -9.1539  -0.6300 -13.7417   2.6763 -17.7727   1.2767 -14.6746   2.7924 -14.5594   2.6775  -9.5729   6.7941 -38.7727  10.1338  19.9066  25.3791  13.2514   7.7480   8.4882   3.0467  12.5089  15.5679   6.5716   5.3331  54.8059   7.8948  31.4243   8.2495  48.1434   4.4155  24.7384   1.9907   6.2123   9.5783  28.8629  62.1851 
13  19.0322 261   7.5229 -13.0175  -1.3984  -6.0254  -7.7752  -1.2738  -4.5154  -3.4436  -8.5038  -1.0804 -13.8525   2.6805 -18.9834   1.1657 -15.3557   2.4571 -16.2078   3.2754  -9.8291   6.4295 -42.6085  11.0913  17.2714  20.0802   8.5865   7.7501   9.0057   4.2192  15.8840  18.1394   8.4909   4.4252  54.7513   5.5014  39.9081  10.5996  35.7909   5.3095  20.7892   1.4328   6.0504  11.0326  32.2722  81.4184 
14  18.0694 215   7.5951 -13.0889  -2.4766  -6.1522  -7.6070  -1.2471  -6.1559  -3.2536  -8.9813  -0.7603 -15.9954   3.0554 -16.7749   1.1999 -15.8483   2.5011 -16.9777   3.4736  -9.1884   6.6554 -43.8757   7.1811  11.9569  28.3977   6.8652   8.0336   8.7822   4.2697  16.3689  13.4120   6.6685   7.8378  43.3253   7.0045  26.0793   7.8775  26.3982   4.0289  15.6148   0.9483   5.4740   8.7792  37.3475 102.0564 
15  19.2253 292   8.3339 -14.1787  -2.7690  -6.8602  -7.5629  -1.3372  -7.2757  -2.8067  -9.4982  -0.9674 -16.0202   2.9679 -18.4651   2.2964 -16.3003   2.8490 -17.9994   3.9129  -9.3596   6.9539 -46.0756  11.4439  12.8849  18.3072   4.0835   5.4451  14.5877   7.7528  16.9330  20.5133   7.6227   8.6528  30.1354   5.0279  22.2579   7.8642  25.8125   4.0395  21.1966   0.7534   4.5100   7.7004  76.2074 100.6679 
16  18.5378 296   8.2360 -14.0967  -2.6604  -6.9775  -7.1913  -0.7787  -8.4207  -2.6046  -9.3547  -1.0327 -17.5089   2.8682 -19.1070   2.3583 -18.1997   3.3557 -18.2118   3.9440  -9.6155   6.7705 -46.2368  11.2571  10.6443  18.4407   4.2906   3.1398  10.8102  10.2963  13.0834  27.2535   5.6369   5.9007  18.9636   4.1770  17.1125   4.5895  26.7939   6.1340  17.5387   0.4960   3.6458   6.9433  66.8662 125.0747 
17  15.4778 269   7.1905 -14.4040  -2.4920  -7.1229  -7.8832  -1.7472  -8.1836  -1.9953  -9.5565  -1.9378 -17.8833   3.5113 -19.4573   2.6449 -18.4724   3.3198 -18.7067   3.8459  -9.8641   6.6622 -46.2966  12.0468   8.9967  20.1234   2.9288   2.5458  10.7798   7.8063   8.9305  13.1249   4.3024   5.6160  20.3686   3.1054  25.3962   3.7754  20.2537   5.6575  18.6997   0.3826   3.3743   4.4997  47.6542 102.1908 
18  14.7955 319   6.9363 -14.8061  -2.8568  -7.8633  -7.2256  -2.6956  -8.1887  -1.1420  -9.1236  -2.1580 -16.9008   3.3516 -17.8097   2.5114 -18.1573   3.0753 -18.6219   3.6729  -9.8589   6.6140 -46.0028  13.1383   8.1716  11.0019   2.2719   2.5016   8.5294   6.4001   5.8928  12.5735   3.3392   4.3517  10.6873   1.9415  33.7596   3.8493  21.5229   3.3655  15.2157   0.2733   3.4351   3.7898  26.8105 135.8177 
19  13.7889 281   6.6078 -14.7478  -3.2735  -7.7035  -7.0560  -2.5763  -8.3099  -0.5249  -9.1704  -1.6803 -14.7497   3.3266 -18.5063   2.8364 -18.9478   3.3213 -18.4876   3.8403 -10.0547   6.8770 -45.9189  15.7184   7.8503  13.2015   3.2808   2.1474  10.5550   3.4516   6.7970  10.9079   2.2511   4.1832  10.6604   1.1877  16.6225   4.0686  22.2593   1.9969  16.7950   0.2957   1.8964   4.2124  25.4356 133.2998 
20  12.5792 303   6.4444 -14.9062  -2.8025  -7.7673  -7.3264  -2.9878  -7.8086  -0.5473  -9.4876  -1.2723 -15.8387   3.3382 -17.9363   2.7699 -19.3096   2.9057 -20.2126   3.7765 -10.3682   6.4584 -45.1363  18.9170   8.8739   9.5270   2.1179   2.3092   6.5215   2.7756   6.6373   7.7374   3.1920   3.0194   6.6377   1.0946  19.6723   2.6762  18.3954   1.4678  16.0936   0.2582   2.4563   2.7025  27.6847 124.8917 
21   9.9895 260   5.2948 -15.4086  -2.4661  -7.7718  -7.5688  -2.7887  -8.2049  -0.7914  -9.4952  -1.8448 -15.3225   3.3343 -18.1128   2.9167 -19.6763   3.0422 -18.3214   3.7214  -9.9570   6.3528 -45.9509  20.6102  13.1547   9.0895   1.5739   1.7586   5.6495   3.1776   5.2355   5.8901   3.7551   2.4476   7.4714   0.7840  10.0031   2.1060  12.6676   1.9321  15.1030   0.1648   3.4068   2.4729  23.0566  88.8689 
22   8.7539 276   5.3866 -15.3070  -2.4816  -7.7324  -8.2214  -3.0951  -8.1874  -0.9333  -9.7032  -1.3015 -15.6933   3.2189 -18.9561   3.4424 -19.8114   2.8269 -18.0709   3.7447 -10.1889   6.2435 -47.5300  23.6717   7.0680   9.4580   1.8397   1.9151   3.5854   3.8568   3.2256   7.1273   2.4970   2.5560   7.4069   0.5939  11.0475   1.1701  16.3647   1.8136  11.5411   0.1405   2.7523   2.3384  12.4977  81.7902 
23  10.9962 360   5.8460 -16.7797  -3.0145  -8.3726  -8.5999  -3.6073  -7.9707  -0.5618 -10.6025  -0.9381 -16.7203   3.4028 -19.8096   3.4875 -21.4518   2.9327 -18.7982   3.9256 -10.7747   6.1508 -50.6611  24.7224   9.1401  16.4090   1.6721   2.2317   3.7570   2.8675   4.6659   4.6470   2.9404   2.3141  13.0721   0.7629  15.3962   1.4278  22.2059   2.7059  19.8679   0.2100   5.3420   1.9910  23.2226  85.0667 
24   8.0101 331   5.2263 -16.3934  -2.9814  -8.5447  -8.7333  -3.9528  -7.4420  -1.1890 -10.4774  -0.6569 -17.1383   3.3843 -19.8808   3.2257 -22.2371   2.6532 -17.5694   3.9835 -10.5780   6.2592 -50.3295  24.4139   8.0529  13.5626   1.2041   1.4345   2.1483   1.7590   2.7326   5.2262   2.7419   2.3811  10.0071   0.3979  10.9805   1.1087  19.5904   1.6210  16.3475   0.1810   5.4823   1.1849  16.9879  51.0889 
25   8.5684 309   5.2998 -16.9987  -2.9734  -8.2966  -8.6673  -3.8447  -8.2040  -0.4291 -10.6692  -0.1377 -17.3301   3.3900 -20.2742   3.1297 -20.9233   2.7712 -17.5598   3.9747 -10.8246   6.0199 -50.1020  23.2677  19.2931  12.4431   0.9804   1.6150   2.9106   1.5549   4.1335   4.6729   2.7537   1.6702   6.0599   0.6455   6.9304   1.3541  16.3014   1.3661  16.3224   0.1651   6.0520   1.3372  10.2112  69.7314 
26   6.6025 297   6.0381 -17.0170  -3.1962  -7.9706  -8.8846  -3.7594  -8.0705   0.1671 -10.7239  -0.4411 -16.9436   3.3034 -19.4922   3.0095 -23.2208   2.7069 -18.1520   3.9458 -10.7259   6.1368 -50.0143  23.0790  15.0461   6.6268   0.9312   1.7491   2.5727   2.0152   3.3476   4.1117   2.9354   1.5390   3.1137   0.6365   4.2249   1.4820   9.5431   1.4525  16.8139   0.1212   6.4532   1.1626   8.9273  50.4482 
27   8.2063 422   6.4257 -17.3341  -3.6896  -8.5029  -8.9515  -3.8076  -9.1459  -0.0031 -11.6034  -0.4757 -17.7237   3.3459 -20.8567   2.6797 -25.6256   2.8625 -19.1281   4.1555 -11.8473   6.2231 -53.4230  25.1381  16.9290   7.7521   0.9824   2.1838   2.4061   2.2099   4.4718   3.3264   2.9662   1.5702   4.8569   0.6005   7.7504   1.4435  11.4408   1.6238  15.7302   0.2525   7.5829   1.2800  22.9972  60.1823 
28   8.9443 367   6.4791 -18.0908  -3.4895  -8.7778  -9.1604  -4.0183  -9.8869   0.2079 -11.9951   0.1570 -19.2355   3.6566 -21.8738   3.3791 -27.2453   3.1177 -20.8693   4.3713 -13.0049   7.0124 -55.8269  26.1369  18.1739   8.5311   1.1524   1.6703   1.8599   2.6720   4.4976   2.1986   4.6100   1.6436   6.2763   0.8783  12.3205   1.6779  19.9480   1.5153  12.1705   0.4710   8.2602   1.6499  43.2122  41.3847 
29  17.4187 317   6.8039 -20.3622  -4.1147  -9.7541 -10.0587  -5.2883 -10.6355   0.5752 -13.5796  -0.1441 -21.6789   4.2743 -24.0292   3.6328 -29.6561   3.6763 -22.4668   4.8594 -14.5010   7.8960 -62.5886  28.5167  12.1746  20.4748   1.2614   4.2968   4.8478   2.7462   5.9268   2.9347  10.0915   1.3754  15.1948   1.0580  20.6552   3.1133  32.7966   1.7908  29.0035   1.0593  18.8677   3.5453 136.9476  53.0502 
30  14.6068 324   6.3991 -21.1457  -4.0261 -10.0178 -10.0256  -4.9473 -10.8212   1.0104 -14.0936   0.0478 -21.3337   4.4791 -23.4662   3.6096 -31.6506   3.7890 -22.5117   5.0472 -14.6046   7.3862 -63.3940  30.5128   8.0288  20.1283   1.1264   4.7475   4.4835   2.0533   6.9048   2.8068   9.9529   1.2921  19.2618   0.6923  12.8413   2.3113  30.3312   2.0458  27.6505   0.7068  21.0097   2.8996 110.2096  29.8664 
31  13.8150 305   6.0165 -20.9965  -4.2000 -10.0017  -9.9043  -4.9508 -10.8204   1.2554 -14.7962   0.3226 -21.7089   4.3011 -23.7817   3.2081 -33.7522   3.4561 -22.9614   5.0719 -14.0697   7.3777 -65.0608  30.8984  11.1460  19.3196   0.8669   5.0216   3.5767   2.2840   5.2172   3.9326   7.4854   1.3582  20.2653   0.6833  13.3217   2.1611  41.0756   2.1970  22.2076   0.7075  18.0609   2.4837  92.9516  27.6067 
32  11.7587 315   5.9517 -21.2472  -4.2023 -10.2360 -10.6946  -4.8552 -11.0782   0.9457 -14.3385   0.0226 -21.3492   4.1205 -25.3411   3.6268 -33.3927   3.3041 -21.7623   4.9716 -15.0633   7.1781 -66.7718  31.3822  10.2235  15.9332   0.7693   4.3916   2.2498   1.2807   5.8656   4.6850   5.8538   0.6482  13.6369   0.5490  13.0007   2.3986  24.3832   1.4921  20.5030   0.8193   9.7229   2.3907  94.7921  23.1020 
33  10.0216 298   5.9440 -22.5570  -4.2947 -10.7263 -10.9136  -5.0098 -11.1082   1.4561 -15.1735  -0.0727 -22.5740   3.9517 -25.4926   4.1062 -34.1562   3.7301 -20.3370   5.0592 -15.2982   7.6240 -67.4538  30.4629  12.8488  15.7780   0.8419   3.3856   1.2317   0.9338   5.0467   6.6076   4.7191   0.7733  15.8015   0.4298  10.2222   2.5724  33.2255   1.5569  17.8710   0.8034   6.1391   1.4211  67.5063  10.7591 
34  10.5487 344   5.3554 -22.8924  -4.0488 -10.2590 -10.9544  -5.0244 -12.0422   0.7315 -14.7422  -0.4144 -22.8653   4.0474 -25.8939   3.7461 -35.1511   3.7813 -20.2873   5.3310 -15.2987   7.2384 -67.5992  30.1612   9.5546  15.8780   1.2330   3.1074   2.0526   0.7708   3.2652   7.6501   3.5982   0.5550  25.4386   0.4217  18.6812   2.3072  44.6168   1.7805  18.4714   0.6329   6.0684   0.8447  58.0091   7.1338 
35   8.9568 305   6.2177 -23.2242  -4.1021 -10.4430 -11.0146  -4.9432 -12.3730   0.6424 -14.5048  -0.3455 -23.5476   3.8353 -26.2137   3.9221 -36.6678   3.4551 -20.7964   5.4118 -15.2539   7.1758 -69.9635  30.6920  13.8847   9.4957   1.0734   2.6011   1.4449   0.8849   2.3519   5.9638   3.8778   0.5462  19.7561   0.2588  20.3992   3.3891  25.5477   1.6857  14.2666   0.4699   5.2408   0.7816  56.6149   6.5156 
36   7.2563 333   5.9149 -23.6051  -4.2515 -10.1806 -10.9399  -4.9173 -12.0368   0.6323 -14.6714  -0.3578 -24.1401   3.9686 -27.3752   3.6790 -35.7003   3.6351 -20.4853   5.3745 -15.4826   7.0185 -71.2799  30.1027  13.0955   8.0185   0.8568   1.9203   1.7533   0.7483   2.2120   4.7589   2.2694   0.7264  13.3815   0.1912  18.4685   2.7282  18.0698   1.3656  11.7398   0.3284   5.9685   0.7660  45.5016   4.7696 
37   5.9922 355   6.1945 -25.2333  -4.0609  -9.9539 -10.9867  -4.8296 -11.9065  -0.1823 -14.5281  -0.1194 -23.6319   4.0353 -27.3545   3.3477 -35.8075   3.8650 -21.6332   5.3363 -15.4150   7.0506 -69.7054  29.4276  10.2742   9.3232   0.6603   1.4611   1.1180   1.0235   2.0309   5.7805   1.5103   0.7308   9.8480   0.1733  11.6926   2.4672  15.7331   0.7420  11.2468   0.3371   3.3163   0.8831  37.7633   3.7127 
38   5.3919 338   7.0612 -25.1041  -4.1012  -9.8430 -10.7386  -4.7378 -12.0710  -0.3274 -14.6655  -0.2290 -24.4340   4.1446 -27.6268   3.3341 -36.3550   3.6941 -22.1340   5.3464 -15.7573   7.0885 -70.2717  30.1626   7.3745   8.6484   0.6694   2.3367   1.0970   0.6494   1.2648   7.3461   1.4927   0.6674   7.1679   0.1112   8.8699   1.2889  22.3828   0.9686   8.5881   0.3089   3.7921   0.5719  28.7823   4.2420 
39   4.7452 340   7.9841 -25.0004  -3.9600  -9.8867 -10.5304  -4.9529 -12.0192   0.1801 -14.7220   0.0806 -23.9595   4.1929 -27.3207   2.9608 -35.2807   3.6480 -21.9780   5.2680 -15.8010   7.0819 -69.7405  30.0215   7.0241  10.8316   0.5741   4.4810   1.1931   0.5560   1.0080   5.3550   0.8408   0.4651   7.6221   0.1135   6.8843   2.2196  14.0986   1.0555  10.2193   0.2375   4.3755   0.8631  19.8147   4.5618 
40   7.9487 424   8.6724 -26.6235  -4.1118  -9.9295 -11.1434  -5.2297 -13.1204   0.5301 -15.8596   0.2810 -25.6723   4.3985 -28.5395   2.8412 -38.1167   3.7116 -22.6351   5.5832 -16.0435   7.3229 -74.2176  31.5306  11.3299  18.2915   0.7849   4.5611   1.7762   0.9030   2.2780   4.2427   2.0912   0.4748  12.3214   0.2215  11.0929   3.4462  17.6992   1.2246  14.6585   0.3348   7.8174   1.1255  47.6719  10.5247 
41   7.8106 300   7.6926 -25.4046  -4.1158  -9.8482 -11.3887  -5.1720 -12.8974   0.4678 -15.8914   0.3013 -26.0831   4.3925 -27.9775   2.6538 -38.1435   3.2940 -22.5373   5.4774 -15.9588   7.2402 -72.6942  30.9866  12.4798  13.2760   0.6438   5.1409   1.5590   0.4134   1.8378   4.1314   1.7962   0.3388   7.5601   0.1172  10.8657   2.5294  20.2066   1.4026  12.1883   0.2952   6.6185   1.0687  59.6999   7.6645 
42   6.9634 319   7.4573 -25.7051  -4.1212  -9.8634 -11.7060  -5.1324 -12.3838   0.6109 -15.8998   0.2960 -26.3237   4.3494 -26.7773   3.0664 -38.5771   3.3072 -24.5379   5.5277 -15.7280   7.4207 -71.5090  30.7214  13.6630   8.9032   0.5241   4.8220   1.5556   0.4952   1.5558   3.2510   1.5090   0.3211  12.3195   0.0935  15.1304   1.9746  18.2855   1.5022  12.8873   0.4034   9.1115   0.8196  33.2567  10.8110 
43  10.3712 311   7.4926 -27.5062  -4.4838 -10.2827 -12.3294  -5.3173 -13.5558   0.3210 -17.2849   0.4156 -28.3524   4.5477 -29.3885   3.4941 -42.9133   3.3385 -26.0792   5.9020 -17.4417   8.0881 -76.9656  33.8848   7.5689  13.5269   0.5123   6.7294   2.6937   0.7618   2.2472   3.0552   3.1596   0.3455  18.3978   0.1878  31.7419   2.2033  28.0628   2.4736  14.3233   0.9467  10.1990   0.8533  55.5053  22.6713 
44  16.3675 353   7.6474 -29.1170  -4.8478 -10.5933 -13.6261  -5.7226 -14.6118   0.3583 -18.5311   0.7117 -30.5784   4.7944 -32.5818   3.5426 -46.4306   3.7164 -27.3723   5.9827 -18.9847   8.5767 -82.6195  37.0478   9.9594  21.8490   0.6088   5.8102   2.8896   0.8331   4.4427   2.1276   4.5191   0.3744  25.2330   0.2915  51.5493   2.8623  35.2887   1.9382  14.9962   0.9055  14.3410   1.2127 134.2114  23.8425 
45  15.4256 307   7.7061 -29.4694  -4.8612 -10.5609 -13.5864  -5.7410 -14.9741   0.1678 -18.8139   0.7436 -30.7768   4.9962 -34.6339   3.8613 -47.0726   3.6466 -26.9079   6.1548 -19.1114   8.6708 -87.4029  37.2223  15.6830  13.4863   0.4781   3.7944   2.4784   0.6058   2.3592   2.4934   5.0156   0.6728  24.7879   0.2509  33.3336   2.8279  24.9954   1.4039  14.2477   0.7854  14.3732   0.9584 144.6778  29.6532 
46  12.6721 365   6.4821 -29.9531  -4.8387 -10.1554 -12.9314  -5.7104 -14.8138   0.0309 -18.7871   0.6474 -29.3951   5.0195 -33.6337   3.8283 -47.6487   3.5985 -28.8892   6.2744 -19.1254   8.5001 -86.6249  35.7613  12.3886  10.5458   0.3140   2.5504   1.3155   0.5981   1.4944   1.8203   2.9027   0.4178  22.1112   0.5023  29.6578   2.2230  26.4310   0.8907  10.9024   1.0264  11.3931   0.9670 122.0167  16.3181 
47  10.8993 311   6.7914 -29.9521  -4.9708  -9.4307 -13.1415  -5.7815 -14.6593   0.0721 -19.1579   0.5387 -29.7156   4.9228 -32.2014   3.6858 -47.5187   3.6994 -28.4860   6.3072 -20.0370   8.5875 -86.4372  34.9880  11.8942   6.9297   0.3301   2.5422   1.2800   0.6783   1.2561   2.5628   2.2800   0.4785  24.3260   0.5272  19.8752   1.9269  23.0368   0.8909   9.6134   1.0638  10.7894   1.4324  97.9987  18.0713 
48  10.0180 335   6.8622 -31.2174  -5.2480  -9.4988 -13.2654  -6.0536 -14.5930   0.5798 -18.8126   0.4673 -29.4912   4.8117 -31.9927   3.8792 -47.7704   3.9528 -29.9468   6.2408 -19.2547   8.4538 -86.2716  36.8065   7.7517   9.4413   0.2332   2.3819   1.0389   0.5730   1.1475   1.6772   2.0387   0.3148  31.4273   0.4231  15.4997   1.7994  35.1352   0.6027   8.1642   0.5491   8.2320   1.1957  74.4114  16.3587 
49   9.9558 341   7.1338 -31.5416  -5.1912  -9.0907 -13.1677  -6.0607 -14.7924   0.5611 -19.1689   0.3129 -31.1330   4.7825 -32.0074   3.9455 -49.2182   3.6553 -29.6828   6.4150 -19.3874   8.3103 -89.1035  36.6521   7.2929   8.1699   0.1998   2.6486   1.3925   0.3543   1.6374   1.2381   1.5712   0.2882  41.0307   0.2656  15.4152   1.3652  47.8095   0.6409   6.3502   0.6406   7.5966   0.8939  57.5161  14.7101 
