10 20 22
0  86.5787 25  -4.5162  -2.0195  -4.6160  -2.3505  -3.1352  -0.2112  -3.0321   1.1803  -3.4719  -3.1958  -1.3262   2.5345  -1.4739   3.1162  -3.8563   6.2667  -2.9336   5.1594  -3.1293   3.3698  -6.5838   1.4450 108.4353  90.9420  53.4348  98.5616  72.0540  91.8046  56.6137  64.2012 114.8422  68.8308  73.5190 109.3194 102.7906  97.9750  96.8075  76.5575  70.5907  74.0795 116.1317  75.8888  65.9647 125.3862 
1  80.6580 49  -6.4088  -2.5603  -7.1018  -6.3553  -4.1923   0.7424  -2.0210  -2.4883  -4.4056  -0.0840   0.1523   6.7535  -4.8193   2.0686  -4.7841   6.7978  -4.4295   6.9372  -3.7217   6.1830 -11.7287   3.2973 161.3295  88.2696  40.9082  59.6413  42.9393 110.9646  50.1908  56.1987 119.1634  63.3513  82.2277  52.6236 111.9367  57.6296 129.0260  64.3351  63.0837  49.0260 123.9894  44.0722  51.8170 151.7524 
2  71.2043 90  -7.1820  -1.3959  -7.5617  -5.9098  -5.7753  -1.4085  -4.3703  -3.9179  -1.6517  -0.8301  -0.2037   5.7217  -8.5872   1.9149  -7.1331   3.4899  -5.9183   4.3793  -7.3513   6.4236 -16.1801   2.0002 166.3517  60.4325  45.0686  43.4233  28.2723  92.7048  39.1124  39.6005 155.0180  59.6505  67.0727  31.9435  86.4518  32.9460 106.5486  47.0576  62.1795  29.9948 131.5051  34.8228  33.0624 173.2752 
3  61.9149 98  -6.5209  -3.1520  -6.1819  -7.3963  -5.9479  -4.4153  -4.7584  -4.9384  -2.8707  -0.0361  -0.6233   4.9313  -9.7927   0.8749  -7.8967   3.4428  -4.6357   4.6550  -9.1678   7.4205 -18.3284   1.7785 102.1568  53.7550  43.7906  30.9482  16.2884  58.7076  50.4565  28.6270 159.6701  64.8956  91.4095  30.6490  73.8351  25.7523 105.3926  21.4410  42.4341  19.1137  91.2676  33.1740  20.7512 197.6110 
4  52.9810 149  -6.9511  -3.3232  -5.2622  -8.9787  -6.4743  -6.5787  -5.6470  -4.7051  -5.3337  -1.4126  -5.8723   5.4949  -9.4825  -0.5992 -10.7424   3.8550  -7.5590   3.5471 -10.3498   7.1571 -20.3068   1.0636  90.0859  44.4952  34.5859  27.6540  14.9711  68.5265  52.9894  24.1180 151.0914  44.2838  73.4232  19.9907  85.1865  18.1006  74.5912  15.7685  39.1840  14.6807  57.4212  18.0183  17.2636 179.1522 
5  42.1953 180  -7.1868  -3.1406  -1.9089  -9.1732  -7.0662  -5.2847  -7.5819  -7.4471  -8.2678  -1.0888  -8.1125   5.2428  -9.4451   0.2897 -12.1828   2.5934  -7.4972   2.6091 -12.1877   6.3695 -21.8195   1.7785  58.4271  38.0574  34.5268  23.8795  13.8077  40.8873  40.5540  24.7335 100.9296  37.3860  52.1531  18.1231  54.4712  17.2763  51.1927  17.5312  28.8221  11.9907  50.1320  12.2976  12.9357 188.1809 
6  34.6005 176  -8.0465  -3.1077  -1.3517  -8.1327  -8.6269  -3.5959  -8.0840  -7.8356 -11.4154   1.1862  -8.4351   4.6517  -8.8912   1.4601 -13.6992   2.1255  -9.8682   1.2454 -10.9066   6.4239 -23.4590   0.2386  49.3192  41.7830  28.5896  26.9187  13.0082  31.9362  37.1365  21.2528  77.2957  29.5651  60.9842  16.1297  40.1531  14.3663  37.4991  16.1322  20.8094   8.9954  44.0346  16.5670  13.9416 114.7931 
7  34.0468 177  -6.4142  -2.5723  -2.8682  -4.4506  -8.4016  -3.0941  -7.5729  -7.2596 -11.3929   1.7547  -8.2888   3.8203 -11.5601   1.3160 -14.6040   2.6369  -8.9742   1.0688  -7.7001   5.3092 -24.6909   0.3236  40.8100  48.2440  25.2391  32.1675  14.7887  24.7001  25.9171  26.9607  49.1260  29.0708  55.5687  12.8381  55.0388   8.8799  26.0726  14.1628  26.2995   6.9789  47.0368  15.0281  13.2951 150.8072 
8  32.9217 207  -4.3217  -3.4703  -4.5656  -5.3383  -7.4466  -1.9910  -6.3369  -6.0854 -12.8333   4.5578  -8.7611   2.2312 -13.8258   1.0662 -13.5314   2.7697  -9.4302   0.5747  -8.8698   6.3176 -25.8115   0.7877  41.1038  38.5547  21.4911  34.5760  10.3551  19.7117  34.8622  31.0039  39.2087  19.2530  52.7511  16.7002  37.6492   9.3403  22.6305  10.6834  22.4383   6.8700  48.9259  18.0050  12.1275 176.0370 
9  26.9946 218  -5.2299  -2.2544  -4.9419  -6.9692  -8.2413  -0.8085  -6.2555  -7.2882 -14.0660   4.5109  -9.8772   1.8832 -14.7095   1.1647 -13.4191   2.0337  -9.4125  -0.0016  -8.2577   4.9386 -27.1997  -2.7066  36.8620  28.3338  18.8819  25.2522   8.6504  22.8664  26.8523  24.8769  36.5677  21.2319  35.2491  16.2030  24.2493   6.9364  21.6027   9.2926  19.3431   4.8049  39.2292  12.6277  10.1362 143.8313 
10  25.6873 185  -6.0965  -3.8682  -4.0421  -6.2384  -8.3802  -1.6086  -7.1400  -6.3347 -13.4538   2.8404 -10.0117   2.1600 -14.3638   0.8609 -12.7309   2.0798  -8.0909   0.1382 -10.6951   4.2207 -28.8483  -5.1885  25.9521  28.1528  11.1470  23.2181  10.2353  23.1590  25.8847  26.8191  29.2015  16.5932  34.3213  11.8252  19.0586   4.3478  24.4030   6.4606  22.9481   4.3257  28.8334  10.7779   9.9525 167.5047 
11  25.7120 204  -5.8851  -3.9094  -4.2497  -4.4144  -9.0102  -1.6917  -6.6881  -6.6323 -12.6944   2.7834 -10.2119   2.7323 -14.5743   0.6894 -14.0747   1.8710  -7.8639   0.3028 -10.2009   3.8425 -29.4050  -5.2419  19.5904  23.5948   9.7793  29.7150  12.0593  21.6514  30.3304  25.5710  35.5195  17.7731  23.5859  11.0048  15.9188   3.1721  22.5604   8.6430  21.7138   2.6675  23.0291   7.4581  10.5429 189.7833 
12  21.6758 223  -5.5076  -4.3032  -3.2639  -4.9059  -9.1553  -0.6256  -5.0661  -6.6796 -12.4276   2.9726 -10.3859   2.6653 -14.3759   1.0362 -12.9241   2.1349  -7.5373   0.5550 -10.1731   3.9621 -30.4460  -5.7487  14.4823  21.5583   8.2669  21.8047  12.1367  16.7743  20.9075  16.6325  31.9867  15.8262  17.0519   6.9785  14.1608   1.9074  20.0753   4.5016  22.4078   2.1134  30.7809   5.8605   9.6911 160.9631 
13  21.4125 213  -5.5275  -4.3197  -3.5049  -5.7453  -9.1881   0.3453  -4.8346  -7.9611 -14.1155   2.1757 -11.2182   3.3966 -13.1654   1.2947 -12.8182   2.2053  -8.2757   0.6964 -11.1482   4.2672 -30.4940  -9.2279  13.3842  27.0683   5.9829  19.5322  11.3678   9.7759  16.5268  24.0589  21.6276  11.3100  11.2260   3.7193  18.4515   1.5856  18.9775   3.7186  16.4587   1.3712  28.5026   4.8922  16.1915 185.3447 
14  23.4322 268  -3.8411  -4.7741  -3.6605  -5.2770  -8.8902  -0.0692  -5.4856  -7.4644 -14.8335   3.1001 -12.1808   3.1802 -14.6930   1.5068 -12.3183   2.1647  -9.4012   0.6781 -11.8585   4.3368 -30.9205  -9.6725  11.6014  21.7101   5.2236  19.2218  11.8053   7.3688  13.9897  17.7394  14.3632   8.4330   8.2217   3.4754  23.5345   1.5979  16.4409   5.3133  15.1161   1.5069  31.2064   5.4785  15.3414 256.8193 
15  22.0371 268  -2.7567  -4.8891  -3.1757  -5.8188  -9.7333  -0.5925  -4.2797  -6.8190 -15.2712   3.2524 -12.7651   2.9059 -14.8404   1.7502 -12.0917   2.6976  -9.9729   1.0498 -10.5684   4.4842 -32.2921 -13.8011   7.6868  17.9497   6.4579  15.5391  10.0819   4.5607   9.5961  14.7964   9.7544   5.0183  11.5429   3.6137  19.7647   1.7200   9.9884   3.2760  16.2141   1.1616  25.9638   5.3221  15.7089 269.0997 
16  20.2805 280  -2.2935  -4.8153  -2.6982  -5.4234  -9.8824  -0.3394  -5.0540  -5.1391 -15.6698   4.6755 -12.7963   2.8617 -15.3198   1.7832 -12.7467   2.8082  -9.2466   1.1672 -11.6614   3.8005 -32.3939 -11.2234   6.9440  11.1122   5.3460  18.4275   9.0841   3.5019   8.1697  16.2537  13.4263   4.1476   8.4535   2.3967  25.6489   1.6483   6.1718   3.1302  14.8200   1.0631  27.7964   4.9582  22.1339 231.5361 
17  18.4451 242  -2.0859  -4.4665  -2.7012  -5.1724  -9.9072  -0.2041  -5.3849  -4.6161 -14.9899   4.7137 -12.6526   2.2668 -15.1129   1.6680 -12.9359   2.9337  -7.4388   1.1274 -11.4552   3.3831 -32.4109 -10.8026   4.1409   8.6522   4.5684  14.5923   7.4977   2.6906   6.6946  12.6594   9.4348   2.6120   5.5484   2.0179  37.8206   0.8498   3.8908   1.9127  11.3387   1.2230  21.7905   4.6996  21.9871 219.1690 
18  13.1410 251  -2.5197  -4.4871  -2.1149  -6.9811  -9.4671  -0.2171  -5.1526  -4.7246 -16.0670   4.3670 -13.0137   2.6254 -15.8460   1.6448 -12.9431   2.8314  -7.1529   0.9906 -12.5845   3.3356 -34.0280 -12.1324   3.3995   8.5489   3.2660  12.4016   6.8574   2.3077   5.4763   8.8834   8.2030   2.4566   4.7614   2.2146  33.3628   0.9752   2.7763   1.8736  15.5027   0.7432  13.0565   3.5646  19.7458 128.7242 
19  14.5650 253  -2.0466  -5.6288  -2.4116  -7.1017  -9.6928  -0.0887  -5.2616  -3.1801 -14.6754   4.7401 -13.5917   2.9201 -13.8777   1.7530 -12.8247   2.9194  -6.9962   0.9069 -12.6150   2.6493 -35.3475 -10.7758   2.6064   7.6794   2.9647  11.9972   6.7092   1.8620   5.1915   4.9532   6.3917   2.8592   4.1924   1.6406  31.0021   0.9719   2.1950   1.1617  20.2503   0.5348  10.4153   2.4368  17.5061 174.9084 
20  18.4789 322  -2.2620  -5.8279  -2.4541  -6.4419  -9.9692  -0.1507  -5.3454  -2.9092 -15.3248   5.1047 -14.4927   2.9303 -13.0282   1.9779 -13.1934   3.0654  -6.1004   0.9560 -12.3397   3.2570 -37.3563  -9.4682   2.9773   6.6638   2.9256  11.3285   7.3079   2.8196   8.7018   3.8246   4.7503   1.8321   6.4666   1.4353  29.4710   1.3814   2.8273   1.4402  25.4664   0.8923  12.2510   2.8328  33.4506 235.4896 
21  18.2949 303  -2.2860  -6.1073  -2.7659  -5.5744  -9.6863  -0.2213  -6.3179  -2.7055 -15.5808   5.2912 -15.0821   2.7105 -14.8067   2.1326 -12.9195   3.4430  -7.0304   1.1346 -11.6680   3.0925 -36.3305 -11.4368   2.8616   3.6402   1.8644   9.2492   7.0414   1.8770   5.1045   2.7708   4.9566   1.6537   6.0309   1.2393  25.8456   1.0573   1.5024   1.1510  26.3508   0.7806  14.1781   3.2584  18.9446 261.1300 
22  14.9071 269  -2.6034  -6.1231  -2.6974  -6.3838 -10.1535  -0.2233  -5.9082  -2.6170 -15.8658   5.5894 -15.5870   2.7675 -14.5490   2.3551 -12.8051   3.0926  -8.0617   0.8051 -12.6919   2.7420 -37.0435 -12.1108   2.4404   2.5930   1.3210   7.9852   3.5138   1.7947   3.1960   1.6625   3.2525   1.1265   4.6819   1.1005  18.2785   1.2993   1.9526   1.3376  30.2878   0.4499  10.4341   2.8246  13.0126 213.4120 
23  11.5606 319  -2.8404  -6.5892  -2.8111  -6.8197  -9.7303  -0.4541  -5.5035  -2.4190 -15.9123   5.9251 -14.7226   2.7347 -14.4937   2.2722 -13.2522   3.0346  -7.4906   0.7384 -12.6363   3.1187 -37.5398 -11.3267   1.8573   2.6622   1.0553   4.0623   3.2934   1.4678   3.1346   1.3301   2.5159   0.6699   6.1866   0.7581  15.6254   0.9884   2.0505   0.7358  28.0986   0.3140   6.9679   1.5430  11.9499 157.0661 
24  10.6457 301  -2.7003  -6.9784  -3.1678  -6.1232  -9.5193  -0.3709  -5.8819  -2.2508 -15.4332   5.7817 -14.0417   2.6489 -14.6017   2.0272 -13.2764   3.4547  -8.0919   0.9302 -12.6675   2.8647 -37.3795 -13.9914   1.0934   1.9049   1.6156   3.1544   2.4691   1.9073   2.3645   1.0979   2.3959   0.4575   3.6740   0.5730  13.5956   1.5338   1.7868   1.0464  20.7183   0.2154   8.9179   1.5105  12.2926 149.8804 
25   8.9986 295  -2.6996  -6.9252  -2.6074  -6.7401  -9.3103  -0.6581  -5.7218  -2.5775 -15.6162   5.7808 -14.3626   2.4601 -15.6432   1.9624 -13.1338   3.3597  -8.4164   0.9905 -13.2499   2.5236 -37.0185 -10.3546   0.7922   2.4295   0.8544   4.8761   1.9113   2.2035   2.4450   0.8086   1.9952   0.3352   2.4310   0.4742  10.3910   1.0512   1.3909   1.4794  17.4093   0.2656   7.2280   1.3834  17.7007 118.1140 
26   9.1808 262  -2.6680  -7.6012  -2.5931  -6.5208  -9.0220  -0.4694  -5.4909  -2.5116 -15.5714   5.7933 -14.6024   2.4023 -14.6684   1.7463 -12.9367   3.5127  -8.8197   0.9860 -13.7888   2.3508 -36.9646  -9.6128   0.7287   2.2518   0.9494   6.3666   1.3587   2.3539   2.4517   0.5994   1.5247   0.2092   1.6196   0.4074   7.3872   1.1258   1.2501   1.3657  10.7566   0.2440   6.5664   0.7556  13.8744 137.8308 
27  10.7181 383  -2.6495  -7.8491  -2.7898  -6.7322  -9.3120  -0.9079  -5.6339  -2.7869 -16.5534   6.1420 -15.5332   2.2805 -15.2379   1.6925 -14.0290   3.7146  -8.4246   1.0491 -14.8353   2.4101 -40.1908  -9.4053   0.4764   1.5173   0.9220   4.7174   1.6292   2.2460   2.8031   0.4993   2.9869   0.5256   2.5675   0.4018   9.3193   1.0054   2.3183   1.4349   8.4965   0.2294   6.4632   0.8659  21.2257 163.1474 
28   9.1265 343  -2.3716  -7.9751  -2.5270  -6.3759  -9.2768  -0.8403  -5.6179  -2.8110 -16.9069   6.2121 -15.3027   2.2748 -15.9691   1.7843 -13.6829   3.8093  -8.4283   1.1013 -14.6424   2.3254 -41.4938  -7.8832   0.5051   1.7754   0.8947   2.8728   2.1592   3.0053   2.4651   0.4352   2.1174   0.4612   2.4361   0.8271   7.4711   0.5703   1.9550   0.7785   5.9415   0.2266   3.9715   0.6072  23.1303 136.1772 
29   9.5463 304  -2.4245  -7.9832  -2.5433  -6.2530  -9.2719  -1.1731  -5.2139  -2.9244 -16.9936   5.9531 -15.1875   2.2822 -15.4406   1.8884 -14.2639   3.7932  -8.1579   1.1217 -15.1240   2.2538 -42.2052  -7.5796   0.5594   1.8551   0.9024   2.9051   2.3268   4.0144   1.9105   0.2543   1.8484   0.4075   1.5542   0.8774   6.7256   0.4073   2.3945   0.7197   7.3064   0.2379   3.6446   1.0153  17.0421 151.1101 
30   8.9415 280  -2.6704  -8.6750  -2.3722  -6.5096  -9.6538  -1.5642  -5.6798  -3.0475 -18.1323   6.3398 -16.3488   2.1557 -16.5292   1.7265 -14.8684   4.1159  -8.3548   1.2724 -16.6253   2.3727 -44.9988  -8.2091   0.4690   2.4380   1.1190   2.7190   2.4173   3.1792   2.4612   0.6801   3.5028   0.5744   3.1336   0.9003   8.7322   0.3877   3.4770   0.8949   6.6355   0.2618   6.7877   1.0956  24.5192 120.3272 
31   8.9043 307  -2.7641  -9.2750  -2.6943  -6.5213 -10.4252  -1.8322  -5.9246  -3.1203 -18.9817   6.9769 -17.8858   2.1894 -16.9959   1.7530 -16.4522   4.3243  -8.4492   1.1847 -17.9919   2.9228 -47.9118  -7.5280   0.6921   4.8337   0.8231   2.8169   2.7506   2.7078   2.3725   0.9686   7.2854   0.7515   5.4706   0.6355   8.8254   0.4276   4.7342   0.8727   7.6152   0.2534   9.2754   1.4575  34.8581  95.4670 
32   8.0219 304  -2.8265  -9.3352  -2.3754  -6.5975 -10.4029  -1.9652  -6.3498  -3.0467 -19.2033   6.8646 -17.4529   2.3012 -16.8706   1.9481 -16.1677   4.2960  -9.1296   1.2554 -18.4718   3.0203 -48.4548  -5.6030   0.9332   8.4421   0.4910   1.8890   2.8709   4.8605   1.8660   0.9022   8.1997   0.7705   7.1744   0.5405   8.4568   0.3553   4.2859   0.6286   9.0754   0.2943   6.8183   1.3861  21.3575  84.8841 
33   5.9009 292  -2.5015  -9.5393  -2.6912  -6.6821 -10.7582  -2.0366  -6.4740  -3.1034 -19.4825   6.8277 -17.8935   2.3733 -16.9610   1.7665 -16.4326   4.4094  -8.5823   1.1224 -19.0843   2.9307 -49.4114  -3.0556   1.1539   6.2291   0.3662   1.3772   2.0465   3.6369   1.0216   0.5771   9.2312   0.7921   6.7911   0.5925   5.4677   0.4940   3.4326   0.4397   6.9072   0.2245   8.3018   1.6328  21.6359  47.4680 
34   7.5451 308  -2.5981 -10.0349  -2.8108  -7.6528 -11.5683  -2.4281  -6.9344  -3.2312 -20.9107   7.5190 -19.0501   2.3240 -18.0271   1.9539 -17.6267   4.7419  -9.6030   1.1458 -20.5699   3.0291 -53.3198  -1.9257   0.9070   5.1188   0.3467   2.5748   3.0005   3.2480   1.3138   0.7963   9.5193   1.2622   6.7797   0.5095   7.4321   0.8630   5.9047   0.6150   7.5954   0.2173   9.2730   1.4381  33.9830  63.2932 
35   7.8699 285  -2.5543 -10.7675  -2.5629  -7.9196 -12.0023  -2.2160  -6.5048  -3.1699 -21.1875   7.7442 -18.5254   2.3205 -18.6802   1.7881 -17.8592   4.6412 -10.1722   1.1632 -21.1579   2.8719 -53.7048  -1.4566   0.5880   4.6422   0.2311   2.1194   3.4601   2.4883   1.1938   0.8128   7.3609   1.5190   6.9480   0.3189   6.1710   0.7253   6.4487   0.4303   9.8496   0.2023   8.3399   1.2679  50.4828  57.5367 
36   6.3230 286  -2.3250 -11.1434  -2.5259  -7.8520 -11.6793  -2.4913  -6.4642  -3.1483 -20.9309   7.5901 -18.3143   2.3005 -18.5166   1.7171 -18.2400   4.6058 -10.3210   1.0476 -21.3465   3.1259 -53.6899  -1.0733   0.7071   5.1599   0.1683   1.6139   4.6459   2.3986   1.8981   0.4824   4.4724   1.7635   6.3149   0.3193   4.8350   0.5828   5.4451   0.3714   6.5290   0.1438   7.6160   1.4470  40.1847  42.0062 
37   4.5767 325  -2.5069 -10.5280  -2.6694  -7.5406 -12.0428  -2.2805  -6.2271  -3.0606 -20.3502   7.5993 -19.2392   2.3862 -18.1505   1.8823 -18.8940   4.6803 -10.1874   1.0917 -21.7973   3.2983 -51.3493  -2.2620   0.7005   7.3688   0.1892   0.9492   2.5236   2.8411   0.9108   0.2964   3.5042   2.0758   5.2058   0.3845   3.2021   0.6759   8.8111   0.2723   4.3967   0.1666   3.9918   1.3632  27.5113  23.3461 
38   4.3639 292  -2.7353 -10.5225  -2.5863  -7.3741 -12.2585  -1.9401  -6.2192  -2.8997 -20.9437   7.5710 -19.4618   2.3994 -17.6191   1.7538 -19.3340   4.7370  -9.5054   1.0558 -21.8998   3.1896 -53.1216  -1.9927   0.6974   8.7701   0.1084   0.9210   2.0657   2.2457   1.1194   0.3105   3.3389   2.8876   7.4571   0.3708   2.4322   0.5965   7.4389   0.2587   2.5848   0.1132   4.2297   1.7913  22.1907  24.0762 
39   4.6692 363  -2.9603 -10.3604  -2.6150  -7.1822 -12.5816  -1.9144  -6.1055  -2.9386 -20.9370   7.7388 -18.8213   2.4276 -17.7211   1.6885 -18.8559   4.5938  -9.8137   1.0630 -21.7840   2.9483 -53.8498  -1.3523   0.6630  10.1406   0.1071   1.1437   1.6061   1.4865   1.1216   0.3002   2.2020   3.6424   5.1474   0.4067   2.6816   0.3961  14.3260   0.2890   2.6141   0.1045   3.4803   1.3152  15.6349  33.9138 
40   4.7730 305  -3.1439  -9.7120  -2.5712  -7.1573 -12.6177  -2.3738  -6.0424  -2.9724 -20.5494   7.6644 -18.8965   2.5150 -17.7113   1.7245 -19.5808   4.6363  -9.4229   1.1224 -22.1379   3.2895 -53.4934   0.5591   0.4977  12.8670   0.0880   0.5616   1.2054   1.0645   0.9004   0.2732   2.4076   3.2429   3.9110   0.4516   2.7656   0.3056  11.3495   0.2938   2.9164   0.1090   3.3292   0.8100  11.1134  44.5428 
41   3.9923 313  -3.1804  -9.2347  -2.5771  -7.1935 -12.4217  -2.3902  -6.0451  -2.9239 -20.4506   7.6272 -18.3848   2.6370 -17.9321   1.7331 -19.8513   4.5159  -9.1168   1.1323 -22.1781   3.3399 -53.5253   0.3283   0.4783  11.1669   0.0659   0.7566   1.4576   0.7802   0.7084   0.2684   1.5641   2.1337   2.8993   0.3159   2.3987   0.2977   8.8808   0.1966   3.1359   0.0754   3.5384   0.8236   8.0641  37.8231 
42   3.0573 307  -3.1951  -8.5541  -2.6200  -7.1901 -12.2307  -2.3849  -6.0029  -2.7504 -20.5420   7.7237 -18.6215   2.6895 -17.4420   1.7401 -20.0572   4.5235  -8.8861   1.1536 -21.9256   3.1250 -54.0255  -1.2556   0.5401   6.7636   0.1108   0.6033   1.0954   0.6298   0.7368   0.4004   1.7878   2.1731   2.2169   0.2639   1.7391   0.3095   5.2059   0.1564   3.0598   0.0405   2.8559   0.9192   7.0167  28.6361 
43   2.8524 347  -3.2858  -8.2320  -2.4999  -7.0540 -12.4864  -2.3860  -5.9758  -2.9064 -20.2384   7.1804 -18.6264   2.8264 -17.6520   1.7833 -20.0843   4.5511  -9.3699   1.1166 -21.7827   3.2622 -53.6304  -0.8504   0.4854   7.2711   0.1276   0.3780   1.1735   0.4357   0.8226   0.2893   1.6940   3.0726   1.9626   0.3133   1.7446   0.3450   6.1113   0.1568   3.1182   0.0366   2.8377   0.8831   9.1713  20.3226 
44   4.0688 302  -3.2046  -8.5805  -2.7252  -7.5443 -13.1045  -2.5543  -6.3043  -3.0876 -21.6210   7.5790 -19.3944   2.9835 -18.4309   1.9528 -21.6601   4.7492  -9.4863   1.1800 -23.1640   3.4987 -57.0174  -1.4265   0.4208   8.8629   0.1714   0.6168   2.5572   0.3111   0.8203   0.2659   4.8264   4.2199   4.0345   0.3444   4.2810   0.4052   7.3194   0.2736   3.8359   0.0481   4.9420   0.7874  26.3804  13.7888 
45   3.7506 329  -3.1620  -8.9195  -2.6186  -7.6658 -12.7743  -2.4411  -6.1010  -3.2278 -21.5603   7.3117 -19.5771   2.8406 -18.6339   2.0091 -20.5668   4.7187  -8.8336   1.2188 -22.3817   3.3232 -55.6484  -0.7330   0.3766   5.2990   0.2210   0.4919   3.3971   0.2297   0.5705   0.4035   5.0930   4.1867   4.6948   0.1972   6.4506   0.5888   5.9746   0.1862   2.9390   0.0266   4.8905   0.6582  24.6280  11.0089 
46  11.7359 304  -3.6128  -9.8180  -2.9394  -8.7695 -14.5888  -2.7513  -6.8855  -3.4163 -23.7905   8.0754 -22.6501   3.0355 -20.6015   2.2791 -23.6184   5.3107 -10.0795   1.3767 -25.1674   3.7813 -61.9153  -1.1879   0.6761   9.2397   0.3831   2.3594   8.4125   0.4046   2.1956   0.5865  18.7040   4.4226  17.7644   0.4752  15.4080   0.8527  25.1980   0.8020   4.9445   0.0772  19.9207   0.9642 107.6754  16.7239 
47  12.6622 315  -3.8542 -10.0898  -3.1460  -9.1888 -15.2801  -2.7468  -7.1565  -3.6356 -24.8847   8.7388 -24.8264   3.6404 -21.8509   2.3232 -25.1839   5.6699 -11.0736   1.4518 -27.7206   3.8107 -67.5823  -1.1701   0.5925  10.0693   0.5716   3.8106   9.9540   0.4564   1.9631   1.2552  14.6736   4.5023  18.3441   0.5584  14.9202   0.8948  30.6639   0.8875   4.6005   0.0865  21.8373   1.1511 121.7631  15.0130 
48   9.7971 329  -4.0832  -9.9302  -3.1595  -9.3665 -15.8438  -2.6795  -7.2608  -3.7222 -24.9262   8.3389 -25.4628   3.8052 -21.2514   2.4165 -25.9905   5.3808 -10.8410   1.4914 -26.9786   3.5902 -67.3980  -0.3977   0.8881  11.8458   0.6926   3.0389   8.6182   0.5219   1.0950   1.0471  15.7241   2.8351  10.1185   0.6262   8.3351   1.9221  19.5454   0.7615   3.2128   0.0563  31.5996   1.0747  80.1368  11.8410 
49   8.5414 300  -3.9449  -9.3878  -3.2907  -9.4902 -15.1198  -2.5428  -7.2624  -3.6481 -24.8931   8.2739 -23.8090   3.9224 -21.8455   2.5704 -25.9445   5.4411 -10.6643   1.5848 -27.1720   3.6956 -68.3404  -1.1340   1.3227   8.6838   0.7074   3.2469   8.1886   0.8304   1.3218   1.2953  11.5778   2.6034   7.4349   0.5559   5.7830   1.8939  18.8422   0.7171   2.9029   0.0371  33.1871   1.2537  60.6487  14.8752 
