10 20 22
0  80.1694 43  -1.1235  -5.0556   0.5345  -1.5606  -0.4298  -0.2604  -2.3834  -0.5981  -1.1697   1.4800   3.8649   1.1220  -1.1406  -0.2165  -1.9685   3.0029  -2.5745   2.4756   1.4738   1.7070  -8.7417  -2.9332  92.3964 100.7804  81.0036  81.4748  52.7575  69.5749  90.6780  89.4745  74.3828  71.6104  77.1918  84.1433 110.1119  63.4647  99.2065  64.9566  84.0763  57.9613  94.4247  74.9456  71.5038  77.6056 
1  66.0319 40  -0.4426  -9.0331   1.2477  -4.4415  -1.9044  -0.8619  -3.0598  -3.1177  -5.7578   4.6062   1.3774   2.5626  -3.5012   2.0297  -4.1519   1.5486  -5.9529   1.7117   0.5085   4.0814 -12.3267  -4.3262  88.8891  87.3010  70.0923  53.1002  36.6422  49.4565  57.3251  76.5912  73.7312  59.1526  83.2941  45.3921  97.4221  39.4398  68.3900  44.6001  78.2716  33.0230 111.2101  71.7648  51.8834  75.7283 
2  67.0712 100   0.7567  -8.9613  -0.2020  -7.5652  -4.0361  -3.0949  -5.4538  -4.6777  -6.5415   5.3558   1.1913   3.3600  -4.7434   2.8124  -8.3322   3.1913  -8.9468   0.5135  -0.3886   7.2679 -18.4995  -3.5518  66.4971  70.7192  92.7636  54.6123  34.0864  38.8991  69.3701  74.5716  92.4988  56.6991  91.1355  38.2709 121.8383  24.0201  65.8448  40.1416  51.3251  24.2616 146.6749  47.4080  68.2123 105.7149 
3  53.9740 139   2.8686 -10.0045  -1.8581  -8.3474  -3.9320  -3.0482  -6.3058  -5.5993  -9.8076   6.7977  -1.1298   2.8476  -4.7941   3.9821  -8.2550   2.7169  -8.4262  -0.6559  -3.3261   8.5814 -26.3157  -5.1718  53.2333  73.0028  59.0604  70.8977  30.2017  25.2009  72.3364  51.0789  70.2493  49.0954  56.7308  46.7348  68.1049  17.9353  72.8337  26.0975  44.8855  20.9935  72.7165  29.3397  57.7529 118.9449 
4  45.9063 177   4.9125 -11.0656  -1.8492  -9.8595  -4.5688  -2.5141  -3.9577  -4.6377 -10.4934   3.6110  -0.7126   4.5865  -2.9621   3.8877 -10.9890   2.2150 -10.5929   0.8893  -1.2044  10.2098 -28.4724  -8.6348  40.1297  46.1492  49.6554  49.2272  20.2974  19.1437  45.8881  42.5052  68.2026  47.6042  49.5109  39.2209  59.9944  11.0397  84.2226  18.1733  29.5946  15.9086  62.1153  21.0789  48.0328 142.2436 
5  37.9689 187   4.8311 -12.9979  -0.8869  -8.9816  -6.0895  -2.6345  -6.2051  -3.6330  -9.8598   3.2737   0.7498   5.3428  -2.9057   3.8586 -11.6738   2.1871 -10.5353   2.1169  -1.0080   9.9552 -30.7640  -7.6159  29.8688  37.0859  30.0557  26.2523  14.1923  14.1845  37.5150  35.1464  53.2066  25.7979  30.8144  22.7803  64.6874  10.2510  65.0594  13.4444  33.3182  16.7092  84.9092  15.6259  34.7066 139.7033 
6  33.9812 189   5.3598 -13.8509  -1.6769  -7.6464  -4.8224  -2.6627  -5.9943  -3.2959 -11.3499   3.7248   1.5014   4.9084  -4.5559   4.2420 -11.8001   2.8657 -10.1896   2.1578  -1.4214   8.1644 -31.9991  -7.5180  23.7292  22.7919  24.0247  21.1826   7.2683  14.0508  20.8769  35.2635  51.8756  28.6793  26.7549  15.2043  76.6256  13.4802  57.5758  10.4758  38.8282  11.1514  53.9122  13.2142  19.8454 160.7759 
7  29.6055 225   5.6004 -13.8745  -1.8187  -7.7613  -5.0619  -3.3066  -6.6935  -2.4227 -12.0423   1.9344   0.1481   4.9992  -6.8449   3.4621 -12.9417   3.0672 -10.9475   3.1118  -1.8022   7.7967 -31.9467 -14.3100  26.0330  22.4000  21.1677  26.9069   4.7797  10.7798  19.9267  30.9279  29.7085  20.9343  31.3842  13.2151  91.9065   9.1634  35.3432   8.0136  24.3830   5.8430  34.9520   9.1387  18.1723 156.2421 
8  26.0083 187   4.0047 -14.7718  -1.9725  -7.2098  -5.2751  -2.5825  -6.5937  -3.1737 -12.2794   2.5715  -2.4364   3.3902  -7.2397   3.2391 -14.7624   3.2809 -11.7543   4.0380  -0.7236   7.6164 -32.3574 -14.8798  23.4180  35.6640  15.5120  20.3038   6.8333   8.0023  20.5520  23.6869  27.1967  14.0694  30.7857  19.1237  58.3713   5.9707  28.9668   5.5817  42.1457   4.9460  40.8137   7.1131  11.9671 121.1596 
9  22.5594 246   4.4940 -14.7302  -1.6212  -6.8905  -4.9160  -2.5949  -6.0590  -2.8708 -12.5659   2.5803  -1.2315   4.2950  -7.3482   2.7623 -15.4087   3.2212 -12.8152   3.7265  -0.1942   7.7839 -32.7178 -14.3698  22.0753  24.0650  12.8844  19.7946   4.6200   7.0861  15.6974  23.2562  19.4839  12.3494  17.7517  11.5324  39.4850   5.2244  41.9198   4.8134  26.3254   4.7479  37.9274   7.1333   7.8356 130.2976 
10  20.9292 250   5.0896 -17.0869  -1.6953  -6.3735  -4.3679  -3.0419  -7.2253  -2.0688 -13.7885   2.4655  -0.8926   4.3021  -8.4262   2.6520 -16.9311   3.3636 -13.8658   3.2613  -1.7522   7.9083 -33.8771 -18.6403  20.3100  23.9104  11.3798  21.2025   3.6612   7.2216   9.7694  18.4942  17.1528  11.5358  12.3722   7.9208  31.2136   3.0335  34.8054   3.7542  32.5514   5.0658  26.3108   6.5900  12.7368 139.4490 
11  17.8168 280   5.4520 -17.2606  -1.8641  -6.2989  -4.3045  -3.3463  -6.4170  -2.6313 -15.1067   2.2002  -0.9112   4.4569  -9.1418   2.8752 -14.9531   3.0310 -12.9383   3.4399  -1.5891   7.8882 -34.2638 -17.9232  29.4778  14.7609  17.5992  20.9200   2.8794   4.8329   9.8930  13.9222  14.9016   9.1105  11.3646   4.6927  22.4801   2.2397  38.4525   2.9167  24.3640   5.0716  19.7913   6.3862   9.2593 106.6536 
12  17.0613 271   4.8795 -17.5470  -2.7324  -5.5411  -4.0959  -3.3658  -6.7441  -2.0117 -14.7885   2.4077  -1.4587   4.3252  -8.7349   2.9338 -16.2812   3.0722 -11.9094   3.5323  -1.5432   8.0030 -35.0825 -20.7127  25.6133  13.9698  13.4349  24.3244   2.8994   5.4031   9.4243   9.8994  13.6361   6.7572   9.0422   6.3853  20.8264   1.9261  32.5299   2.2238  16.9681   6.4640  11.6564   4.2985   5.5999 132.0666 
13  16.5620 231   6.0433 -18.1442  -2.2730  -6.8725  -4.1227  -4.0616  -6.5716  -1.0081 -16.9823   3.2546  -1.2363   4.1128 -10.5046   3.7620 -17.7965   3.8199 -12.3336   3.0413  -1.8083   8.2088 -37.1233 -22.2692  25.0682  20.7308  10.9523  15.3974   4.5077   7.8541   7.7111  11.2788  11.8096   6.1057   6.2060   7.2722  26.4154   2.6364  36.3119   2.1451  22.0452   4.6394  10.9098   4.3237  12.5468 107.4956 
14  13.1999 261   5.3659 -19.2466  -0.9618  -6.1052  -3.9011  -4.2947  -5.7402  -2.1930 -16.7736   3.9822  -1.4706   2.7659 -11.3303   4.0625 -20.1197   3.4085 -13.8663   2.8921  -1.8663   8.2605 -36.0866 -22.2044  17.0256  13.9663   6.4673  10.3751   4.5736  10.7369   4.5442   7.7276   9.0161   5.3261   5.4386   4.0703  23.4606   1.8025  31.6734   1.5628  20.2559   3.9208  10.2791   2.8075  10.9277  84.4398 
15  12.9304 268   5.0860 -18.8489  -0.7501  -6.5215  -4.5252  -4.9602  -5.4039  -1.1798 -16.3000   4.3832  -1.7405   3.2953 -10.5230   3.9995 -20.8447   3.6077 -14.2892   2.6875  -1.8410   7.9574 -35.7193 -21.1050  11.4193  12.9329   4.1490  11.1095   5.3193   6.9389   6.7009   6.7307   5.6488   6.0895   6.5896   3.0029  20.8808   1.8400  23.5275   1.6499  11.4247   2.6632   6.8165   2.1315  12.4233 114.4809 
16  11.8830 264   5.3828 -19.2846  -0.5286  -6.8339  -4.1107  -5.6074  -4.9339  -1.0710 -16.0730   3.7674  -1.9172   3.2374  -9.7982   4.1049 -21.3409   3.7566 -14.2149   2.8653  -2.2330   7.9915 -36.0940 -17.8223   9.7331   9.0775   3.4984   9.6817   4.8897   6.0666   6.2165   8.6397   3.4590   5.1276   5.9855   3.5480  17.8452   1.1007  31.0590   0.8351  11.6507   2.7907   5.5796   2.2405   7.1771 105.2252 
17  13.0877 259   4.7487 -19.7302  -0.8250  -7.4621  -4.2958  -5.0462  -4.5154  -0.8173 -16.6580   3.3206  -1.8347   2.8470  -9.2887   3.7265 -21.2290   3.8940 -13.9076   3.0422  -2.6135   8.0358 -36.6495 -14.3311   6.9817   6.6895   2.5699   7.8054   2.9192   7.1692   4.2187   6.8645   4.7446   6.3450   6.1560   3.9141  14.0252   0.9142  15.4713   1.2098  11.9742   2.4669   5.6073   1.9081   4.6761 163.2988 
18   8.9535 275   4.9053 -19.1299  -0.2580  -7.6890  -4.8109  -6.3253  -4.9297  -0.9074 -16.3778   3.3927  -2.1507   2.9260  -8.8314   3.6675 -22.1961   3.6693 -13.9926   2.6006  -3.4560   7.8322 -37.0624 -17.4952   6.5162   6.6642   2.3719   7.4354   3.2656   7.4857   4.6511   6.1724   3.8108   3.9399   5.1577   2.5546   8.7295   0.5114   9.9805   0.8575  10.6978   1.5070   5.6716   1.3265   4.2233  93.4474 
19   7.6862 266   5.3372 -18.7787  -0.0452  -7.0240  -4.6412  -6.1515  -5.0037  -0.4680 -16.5196   4.1839  -1.3906   2.8698  -8.7194   3.5603 -23.1124   3.8177 -12.5387   2.4053  -3.3507   8.2354 -37.9417 -14.8102   5.4414   5.6780   2.0573   8.0673   2.3704   4.2088   2.5731   4.5745   4.0891   3.3022   8.5513   1.9734   6.7249   0.3663  10.2036   0.6514   8.3061   0.9598   6.8567   1.3995   2.9445  77.7960 
20  13.1576 360   6.1694 -20.7871   0.1449  -7.5674  -5.3994  -6.6789  -6.1084  -0.7828 -18.6610   5.2094  -2.2201   3.4018  -9.6948   3.9698 -25.9742   4.0843 -12.8525   2.7320  -3.5194   9.0110 -42.1960 -17.9132   5.5295  15.8341   1.5653   9.7473   3.4455   4.3775   3.0350   2.9813  11.2504   4.0349  11.4130   3.1607   7.4944   0.6687  31.6553   1.1178  11.1471   1.3812   8.0220   3.6320  42.9459 105.0277 
21  13.4069 296   6.9164 -20.8639   0.0810  -7.8428  -5.1965  -7.4196  -6.1911  -1.2800 -19.3076   5.2347  -2.8397   3.6332 -10.3853   3.8745 -25.9973   4.0933 -13.4293   2.6050  -2.9822   8.9079 -43.1316 -15.8122   5.2256   9.9060   1.8207  12.7968   4.4916   3.6616   2.2749   2.0853   5.8225   2.5318  10.9797   3.0624   9.6415   0.6370  75.4931   0.7578   9.3346   1.7735   6.4060   4.7134  39.5633  81.9732 
22  12.4548 256   6.7899 -20.1333  -0.2241  -8.0065  -5.2254  -7.3684  -6.6743  -1.3442 -20.0179   6.1135  -3.0395   3.6875 -11.3015   3.8765 -26.5134   4.1214 -13.7425   2.8278  -3.5731   8.7891 -44.3775 -17.7193   8.6544   9.7165   2.4339  12.6425   5.3579   2.7467   2.6009   1.6850   6.0964   2.8993  17.2099   2.5086   9.6942   0.6443  63.6259   0.7679   8.4339   1.0716   6.5082   2.7421  38.0218  67.9431 
23  11.6403 280   6.7535 -20.3884  -0.6225  -8.4786  -4.7810  -7.4147  -6.6302  -1.3554 -19.4300   5.5620  -2.5154   3.2056 -10.5051   3.9029 -25.6268   3.9060 -13.2237   2.6000  -3.7501   8.6109 -44.9472 -19.2787   9.9726   6.2127   2.2692  17.9701   3.0854   2.6314   2.3688   1.3691   9.2404   2.7761  21.8867   2.0757   6.9655   0.6345  66.9422   1.3098   7.4763   0.9953   5.5185   2.4909  29.0472  52.8482 
24  11.0980 293   6.5162 -21.9737  -0.7192  -9.5770  -4.6857  -7.5477  -6.7775  -0.9370 -20.4811   5.9005  -1.5233   3.7489 -11.0179   4.1228 -28.4273   4.2799 -14.9255   2.7412  -4.2851   9.3153 -45.6624 -21.7402   9.4526   7.8121   1.2521  12.2881   3.0600   2.8075   2.2104   1.4743  11.4743   2.5477  23.5310   1.8414  10.8103   0.5487  58.1305   1.4099   8.3404   1.3554   6.3026   2.3170  30.1650  45.0254 
25  12.4312 320   7.1831 -22.4936  -0.9821  -9.7164  -4.7603  -7.7514  -7.2783  -0.7947 -21.5979   6.6629  -2.3013   4.0194 -10.7517   4.0742 -30.8036   4.6336 -14.8983   3.2260  -4.9346  10.0900 -49.9721 -23.9470   9.7425  13.4663   0.9819   9.4102   3.4382   3.6576   2.7810   1.7911  15.2052   2.9465  22.7346   1.8301   8.4772   0.8115  67.3232   1.9267   8.4385   0.9770  10.7554   2.2035  43.0876  41.4997 
26  13.5142 300   7.8300 -24.4460  -0.8161  -9.8108  -5.2917  -8.1117  -7.1141  -0.7995 -22.0997   7.4869  -3.5549   4.3252 -11.8707   4.3194 -32.7859   4.5552 -15.8858   3.1585  -4.7134  10.3548 -54.4032 -24.4311   8.3442  10.6591   0.7415   7.7749   4.1057   2.9974   4.5121   1.7438  12.7403   3.3936  23.9100   1.5557  11.4392   1.1453  63.3421   2.3813   7.0170   1.3733   7.7209   2.4916  66.5508  51.3734 
27  12.5661 283   7.2265 -24.4455  -1.0638  -9.6747  -5.2950  -8.1778  -7.1491  -0.8060 -24.0104   7.2498  -3.9646   4.4351 -11.3329   4.5510 -32.3422   4.5644 -16.4473   2.7035  -4.6939  10.3160 -55.1816 -22.5615   6.5816  11.3015   0.8057   6.3443   3.2544   1.9079   3.2514   1.3228  10.6499   2.6313  18.7411   1.2016  10.4417   1.1177  77.2960   2.5596   7.4188   1.4942   7.0118   2.1267  44.6888  54.3061 
28  21.9037 320   8.0278 -27.6162  -1.2042 -11.2490  -5.3946  -8.8415  -8.0281  -0.8134 -26.6802   8.2957  -6.0549   5.4543 -12.8762   5.4592 -35.8027   5.3509 -18.7673   3.5378  -4.3511  11.2157 -60.3830 -24.9338  11.0331  40.2855   0.7797   7.6887   5.7641   3.5787   3.6901   1.1106  25.0406   5.1475  25.8153   2.3058  15.7239   2.0128  93.1872   2.9865  14.3161   1.7652   5.7979   4.3610 134.9401  74.5505 
29  23.5269 346   9.4579 -28.5441  -1.4788 -11.5124  -5.6228 -10.2832  -8.1261  -0.5050 -29.4091   9.4525  -5.3538   6.1303 -13.3965   5.7174 -44.1299   4.9991 -20.0515   3.5731  -5.3123  11.7729 -61.4630 -27.3477  11.5480  37.7895   0.7052   5.4244   3.8563   3.2097   3.2620   0.9083  22.5485   4.0689  26.9514   2.1620   8.3308   2.2205 100.2517   3.2056  18.6008   1.9362   5.4926   4.8550 153.4089  96.8547 
30  19.8204 332  10.3286 -27.0612  -1.2179 -11.2377  -5.6159 -10.1921  -7.9126  -0.4487 -28.6053   9.5150  -5.2589   5.8807 -13.0487   5.6022 -45.6366   4.9421 -20.9244   3.8417  -5.7780  11.8146 -66.0768 -24.5886  11.3557  21.9045   0.4754   4.6074   4.1231   5.0249   3.5653   0.7888  20.9275   3.7499  15.6563   1.5756   9.1977   1.9956  81.1908   2.5555  18.1779   1.6234   5.5832   3.2913 123.9413  94.7376 
31  18.3550 296  10.1430 -26.2999  -1.1257 -11.3681  -5.9252 -10.5723  -8.0963  -0.3320 -29.0763  10.1029  -6.4818   6.1270 -12.9627   5.4454 -47.4846   4.4034 -21.9184   3.9549  -5.4548  11.5677 -66.0921 -25.5507   8.6771  14.6428   0.6993   3.2908   2.8003   7.0556   2.1611   0.6410  15.8345   2.4231  28.1563   1.2673   5.2122   1.8740  93.7630   2.1317  20.3957   2.1705   4.4711   2.9009 103.6840  79.5572 
32  18.6475 337   9.9534 -26.9363  -1.4175 -11.3749  -5.5493 -10.5381  -7.7793  -0.4625 -29.3933   9.7835  -6.8325   6.2252 -13.0265   5.4511 -43.1605   4.8383 -22.9230   3.8900  -5.3890  11.6090 -67.6336 -27.0206   6.3795  17.7543   0.7977   1.9833   5.3619   5.7696   1.8762   0.8181  12.7294   1.7548  41.5660   1.0190   6.4732   1.5145 103.0754   3.0865  16.3837   2.0253   4.1414   1.9978  80.9810  92.7559 
33  20.4445 314  10.7281 -28.1920  -1.4629 -11.6722  -6.3927 -10.7901  -8.5439  -0.0649 -31.5212  10.7642  -8.2014   6.8317 -13.5457   6.0719 -44.8740   5.2778 -23.9013   3.7679  -5.7764  12.0829 -73.1032 -28.7966  10.3656  19.4168   0.7754   2.2982   4.7546  10.0048   2.0922   0.7251  16.2452   1.9645  35.2921   1.3862   5.3657   1.7337  91.2771   2.7047  23.6213   2.5992   4.3026   2.3455 107.4437 103.0654 
34  18.3173 375  10.3008 -28.3637  -1.5177 -11.2652  -6.4264 -10.7632  -8.7306   0.1416 -30.8987  10.7885  -8.6275   6.4980 -14.1995   6.1601 -44.7579   5.0980 -24.9998   3.4859  -5.1396  12.0993 -74.0065 -29.2852  12.3349  14.7787   0.6225   1.6160   3.8420  10.6799   2.0683   0.7027  12.4313   1.6065  25.5359   0.8994   4.6422   1.7952  71.8419   2.4614  20.6250   2.1351   3.8690   1.9208  91.5033 115.0681 
35  18.1087 294  10.3769 -28.4195  -1.5525 -11.2585  -6.6940 -10.7635  -8.6206   0.1668 -29.2780  10.3936  -7.3876   6.5701 -13.9621   5.8147 -43.6790   5.2010 -24.6131   3.4427  -5.8752  11.9055 -74.7552 -24.7629  11.0879  12.8026   0.5315   1.2765   2.7604   8.4393   1.5489   0.7370  13.3327   1.0112  25.2994   0.8907   3.8899   1.3020  56.8256   2.8766  21.5985   2.1185   4.1247   1.3933 120.7782 103.7660 
36  13.7632 363  10.4635 -28.1165  -1.5376 -10.7548  -6.9963 -10.2779  -8.7348   0.2493 -29.1239  10.2470  -7.3427   6.4694 -13.7686   5.4788 -44.2956   5.6547 -26.1782   3.7397  -5.7861  12.0330 -72.1828 -23.2684   9.4238   9.4546   0.3859   1.5639   1.8646   7.9797   0.8888   0.7351  10.0157   1.2525  20.3216   0.7614   6.4329   1.0450  56.1322   1.8595  25.8797   1.4612   3.7813   2.0461  74.3266  65.1792 
37  10.1610 356  10.6188 -28.1710  -1.7498 -10.6938  -6.4036 -10.5753  -8.1642   0.2662 -29.0801  10.1006  -8.2147   6.5029 -13.9167   5.6253 -41.4661   5.4001 -22.0341   3.6701  -5.7464  12.3875 -75.7476 -22.6058   8.9484   7.9304   0.4967   1.1756   1.6421  10.1858   0.9103   0.4779   5.3794   0.6850  20.1895   0.6755   4.0236   0.5963  31.4672   1.5160  13.7383   0.9963   2.4511   1.7473  59.0230  49.2865 
38   8.5252 369  10.4167 -28.9321  -1.8710 -10.5989  -6.2652 -11.2761  -7.8807   0.1747 -29.5763  10.0705  -7.6196   6.7716 -13.7331   5.4061 -40.2200   5.6028 -22.5473   4.2281  -5.1763  12.2946 -75.6652 -22.5061   7.8638   7.2986   0.3251   1.3328   1.0824   8.1707   0.9774   0.3533   3.6972   0.5904  17.7074   0.8724   4.2248   0.5518  28.2449   1.0142  10.7597   1.0589   2.7549   2.3268  39.9648  46.3826 
39   7.6383 307  10.2000 -28.7759  -1.8242 -10.5192  -6.1768 -10.8533  -8.1721   0.1813 -29.6169  10.2822  -7.5720   6.5526 -13.9674   5.3102 -39.8320   5.6388 -21.7754   4.2336  -5.1593  12.1239 -76.7019 -21.5450   4.8579   8.8108   0.1873   1.1213   0.9710   5.7824   1.2074   0.2004   2.8799   0.4856  13.7516   0.9598   2.9137   0.3924  32.0728   0.5982   8.7424   0.8530   2.4909   2.9065  24.2257  51.6306 
40   5.5356 326  10.2743 -29.0029  -1.7592 -10.2873  -6.0607 -10.8119  -8.2573   0.0278 -29.4237  10.4606  -8.2778   6.4670 -13.6375   5.2807 -41.3386   5.6172 -21.5360   4.2135  -5.4854  12.0098 -76.3128 -18.7444   3.9672   5.6183   0.1487   0.6237   0.7398   5.0238   1.0218   0.2549   3.2746   0.8956   8.8803   0.7105   4.3057   0.3556  18.5617   0.4304   7.9630   0.8162   2.7212   2.6210  22.8273  30.0218 
41   5.1601 350  10.5713 -28.7736  -1.8411 -10.2191  -6.1307 -10.6047  -8.4790   0.0166 -29.6631  10.2094  -8.9757   6.3952 -13.6989   5.1641 -40.8222   5.8025 -21.0703   4.1913  -5.3933  11.8310 -77.6049 -17.2125   4.4090   4.4140   0.1012   0.6364   0.8001   3.4812   1.1084   0.1834   6.6765   0.9637   6.4638   0.6037   4.5090   0.3080  14.8576   0.3698   5.5011   0.9970   2.8925   1.8820  30.4854  21.8788 
42   4.8345 337  10.1232 -28.2367  -1.7558 -10.4480  -6.2631 -10.5435  -8.5368  -0.0356 -29.9746  10.2686  -8.5365   6.3050 -13.0875   5.2615 -41.1951   5.8091 -21.3919   4.1269  -5.0590  11.7072 -76.6848 -17.3512   4.6635   3.4013   0.1068   0.7651   0.5167   2.5698   0.8791   0.1579   4.4673   0.9193   5.2790   0.7001   3.6778   0.3538  11.0536   0.3544   3.1626   1.3626   4.1828   2.1796  21.4201  34.1856 
43   8.1106 349  11.4524 -30.2272  -1.8002 -11.2245  -6.7350 -10.7529  -9.1117   0.1582 -31.3683  10.9034  -9.2824   6.5875 -13.8741   5.5515 -44.6608   6.0806 -22.4413   4.2370  -5.3419  12.5589 -82.3886 -18.3297   4.9661   7.9847   0.1060   1.5334   0.7268   4.3585   1.3286   0.2312   9.4013   1.5379   4.7713   0.8908   5.1872   0.7290  20.4547   0.5911   6.3062   1.6026   4.3408   2.5653  61.8483  36.9717 
44   8.0074 389  12.1065 -30.3375  -1.8776 -10.9728  -6.6763 -11.3547  -9.1409   0.0877 -31.0812  10.8442  -9.1439   6.5639 -14.6605   5.4046 -44.6741   6.1338 -22.3028   4.2770  -5.9696  12.4997 -83.7967 -18.0508   4.1286   9.2262   0.1460   1.4064   0.7419   3.2269   0.9828   0.2276   6.7377   1.1762   3.9297   1.2044   6.0710   0.5987  23.0909   0.4524   4.8844   1.5055   3.7831   3.0429  50.7094  48.8907 
45   6.9264 306  11.6512 -30.2546  -1.9190 -11.4785  -6.6875 -11.5205  -9.1869  -0.0037 -30.3910  10.8528  -8.9831   6.4785 -14.1334   5.4027 -45.2467   5.8179 -22.2128   4.6064  -5.5212  13.0736 -83.3432 -18.5417   2.7743   8.5665   0.1073   1.0039   0.8073   3.3043   1.1255   0.1816   5.6325   1.8799   4.0244   0.7650   3.5294   0.4285  18.4442   0.3939   6.8709   1.3881   2.6098   5.0765  47.2314  36.2366 
46   5.1288 318  11.3155 -31.1680  -1.8373 -11.3424  -6.8886 -11.4349  -9.1406   0.1927 -29.7169  11.4788  -8.8532   6.2197 -14.5858   5.4072 -44.4586   5.9945 -21.6988   5.0084  -5.4879  12.9668 -81.1785 -17.1165   2.9380   6.5153   0.1077   0.7345   0.7224   1.8838   0.8575   0.2447   6.4998   1.3830   5.9339   0.6224   3.2574   0.3379  11.5693   0.2737   6.6991   1.4488   2.5461   4.4444  27.5013  26.3118 
47   4.6792 353  11.1657 -30.6493  -1.8627 -11.3494  -7.1904 -11.0912  -9.3458   0.2307 -29.7572  11.1401  -9.0130   5.9059 -14.2710   5.6081 -45.3591   6.0271 -21.1785   4.8284  -5.1450  12.0560 -81.3111 -17.6113   2.8530   4.6312   0.0713   0.7961   0.8204   2.1916   0.9676   0.2530   7.0574   0.8923   7.5497   0.5408   3.4754   0.4693   8.4843   0.2862   4.4787   1.3931   1.9593   4.3398  23.0417  26.3914 
48   4.3025 347  11.0243 -31.1525  -1.8388 -11.3363  -7.5319 -11.6340  -9.1861   0.3025 -29.9486  10.9648  -8.9772   5.9750 -14.5195   5.8191 -45.1981   6.0327 -20.9022   5.1690  -5.0966  12.5532 -81.9578 -16.4327   2.2148   4.4455   0.0860   0.4926   0.7740   1.8565   1.0242   0.1723   5.0486   0.7068   5.5204   0.5091   2.6220   0.8176   5.1799   0.4520   5.1384   1.4320   1.9110   4.0835  26.5952  23.5722 
49   4.3382 372  11.0572 -31.3095  -1.9400 -11.3902  -7.4452 -11.4852  -9.1258   0.4228 -30.0521  11.1677  -8.4923   5.9814 -14.7293   5.8015 -45.5280   6.1028 -19.9065   5.1730  -5.3666  12.5566 -82.6131 -16.3142   1.8368   4.4246   0.0778   0.3475   0.8010   1.3226   0.6491   0.1501   3.1191   0.5922   8.9564   0.4748   2.3421   0.5639   3.0150   0.4001   3.6009   1.1694   1.5596   5.3897  20.1620  34.4866 
