10 20 29
0  97.8824 54  -7.6939   2.1899  -4.2196  -4.9170  -6.8635  -4.5749  -5.8247   1.1369   2.2792  -2.2680  -2.5069  -1.3216  -1.7393   0.0974   1.0540  -1.4918  -0.3794  -4.0349  -4.4661   3.5774   0.6099   1.2348  -3.4017   0.8059  -2.7737   0.0306  -2.9836  -1.4957  -3.7671  97.3835  98.9727 103.2237  93.1764  65.4667  51.6041  84.6089  86.5827  78.2942 171.4911  80.4035 149.9975 116.9414  88.3697  64.1449 113.4690 108.4676  91.9744  78.7342 117.7842  74.3517  92.0806 107.8778  89.1153  93.0266 119.3592 107.4337  72.4550 141.7984 
1  86.5906 87 -11.9061   0.8848  -0.2592  -9.0413 -11.9701  -7.5680  -7.3551   3.3618   3.8395   1.5797  -3.9746  -2.6021  -3.5064  -4.4697   0.4570   1.3391  -2.8895  -5.5534  -5.2133   0.5037  -1.7699   2.8890  -5.8030   4.7530  -3.9752   0.3526  -6.7899   0.9219  -3.6697  69.2602 104.2158  69.1957 116.8096  44.3829  45.2090  63.2178  84.9079  92.1288 152.5719  48.0613 148.1550 149.3130  89.9816  42.9874 132.1717  90.3199  83.3470  73.0097 142.4927  51.9707  67.8030  94.3547  53.0941  70.1114  85.5166  84.4438  55.5635 106.5315 
2  71.4122 150 -14.3185  -0.6552  -0.5474  -9.9132 -13.7138  -8.1682  -8.1126   3.9385   5.0478   4.5292  -4.5107  -6.4628  -1.7565  -4.4752   1.0861  -4.9888  -3.8725  -7.6212  -5.1697  -0.5353  -3.2634   3.6063  -5.7037   7.2882  -4.1582   2.1542  -8.6992   1.9820  -4.7524  74.0609 106.9938  49.3975  70.8790  40.7205  30.7556  39.6326  54.7780  74.4887  93.8682  39.9391 131.4290  94.7411  79.7733  39.4016  82.7688  60.9959  74.5184  57.1309 109.3257  62.2495  69.6192  79.1812  61.8395  42.3146  80.6033  65.7774  89.7259 114.0460 
3  58.1550 153 -17.2970  -2.0316  -0.6462  -9.8062 -16.0786  -6.8833  -7.4645   2.2169   5.5710   1.7975  -3.9589 -10.7940  -4.1558  -6.6685   1.4437  -4.8491  -4.5667  -7.9511  -5.1490  -0.0918  -2.4077   5.6034  -6.2806   8.0573  -5.5228   2.3756  -6.9973   3.6714  -5.6906  67.1666 102.8902  40.1865  52.7903  35.8460  18.4642  33.4349  28.2548  58.7085  70.7437  41.4468  86.4190  86.3295  45.9608  30.5240  57.8072  53.3481  62.1335  30.3795  85.7453  62.2656  39.9261  86.2490  80.7861  35.5970 101.2959  57.2777  59.4437  75.0746 
4  53.8945 210 -20.2425  -3.2108  -1.8272 -11.3540 -16.7160  -6.6164  -8.9837   3.7929   4.3977   1.5649  -3.1372 -10.0294  -6.9404  -6.7459   2.5762  -5.7648  -4.8512  -6.9006  -5.7671  -0.2238  -4.6679   6.2077  -9.6216   8.4023  -6.0390   5.5528  -5.6018   2.5016  -7.3710  70.4532  89.5862  28.0891  46.0403  42.8719  19.1398  42.1815  26.0110  78.6161  61.2072  27.1270  63.0788  78.3440  35.7616  43.7736  49.0252  41.2156  68.8900  32.5213  64.3203  42.0235  27.9879 123.4231  63.9083  50.5597  77.7929  57.6464  46.1085  65.2370 
5  49.6231 173 -25.3649  -2.5045  -2.7837 -13.4069 -16.4069  -5.7823 -11.7817   5.3777   2.0371   0.2148  -3.6800  -9.9817  -7.7405  -5.7740   0.4365  -7.0829  -5.3314  -6.1656  -7.6533  -0.8194  -3.7319   5.8979 -12.7499  10.8925  -6.4837   7.3472  -6.7701   3.5935  -6.1883  51.6517 125.0493  16.9772  38.1265  47.9027  12.2908  37.1346  15.2819  64.0639  48.2486  31.7041  61.4401  89.1763  51.1872  56.6616  33.1868  45.7514  51.6179  28.8704  82.8728  41.3415  18.5035  92.2878  37.8629  36.8281  56.8488  41.6520  33.6627  90.8872 
6  42.3070 198 -25.7925  -0.9264  -2.1002 -14.8390 -17.4324  -5.9097 -11.4865   4.8959   1.2916   1.4464  -2.8595 -10.5091  -7.6538  -4.3695  -0.2008  -7.0778  -6.2184  -5.5578  -6.1299  -0.5482  -1.9041   7.0014 -14.3417  12.2333  -6.2664   9.0084  -7.5058   4.3506  -8.2006  42.5514  83.0635  13.7641  50.8298  37.8854   7.9512  25.2254  12.6073  38.7711  31.4319  26.7460  41.2221  61.2566  47.0447  46.5005  25.3022  48.9405  35.3091  15.3857  62.6917  35.8300  12.7860  91.3990  29.2241  53.4544  60.5364  41.6395  37.7635 109.7904 
7  36.9945 201 -29.1962   0.5939  -1.8288 -13.8510 -17.8757  -5.6040 -11.7800   5.0065  -0.4248   2.9854  -3.6236  -9.1437  -9.8907  -7.1373  -2.1231  -6.4042  -5.4378  -5.4716  -6.3349  -1.4744  -2.6826   6.2786 -17.2037  11.7241  -5.4670   8.5765  -7.1914   4.0755  -8.6039  27.5041  73.4232  10.8894  30.9192  25.5026   7.1675  28.0769   8.8253  24.7306  29.1579  22.7387  34.4794  80.9194  40.6411  57.1886  27.7972  46.6299  29.5348  13.9502  42.0560  21.9299  13.0258  92.9127  26.3362  40.6731  57.8380  25.0890  28.0921 104.8112 
8  35.6270 236 -32.4531   0.1196  -2.7028 -14.6426 -19.2648  -6.3836 -12.8956   4.3785   1.1431   3.1487  -2.9670  -8.0927 -12.1286  -5.0492  -0.8926  -8.0627  -6.3094  -5.3509  -6.7448  -2.7135  -3.2819   7.0750 -19.2996  12.8489  -3.1196  10.6326  -7.1353   4.8102 -13.5863  35.6269  70.8079  13.5038  18.5068  19.4076   4.6008  26.7779   6.9729  18.4253  19.0028  16.3110  28.9831  52.1063  35.6251  98.9082  32.5797  48.4100  22.7562  12.9419  25.4464  17.4257  12.8807  94.4870  18.2496  33.8396  51.7216  21.0792  17.5540 158.2460 
9  32.7678 262 -32.2280  -1.5595  -3.4250 -15.0628 -18.6358  -6.9265 -11.5905   4.9488   2.3937   2.8636  -3.1848  -8.4560 -12.8674  -4.6983  -3.4852  -9.7207  -6.6348  -6.4567  -7.0746  -3.8635  -3.1704   7.4254 -19.3878  13.1340  -4.0677  12.0068  -7.5482   4.6629 -16.6523  36.3056  51.7224  10.6372  13.2465  25.8605   3.0084  18.9263   6.4080  19.6277  14.6393  13.6113  24.8745  35.6726  28.5034  98.7315  37.4609  40.3405  19.7258   9.5662  22.0470  13.3722  14.3589 114.5876  10.9993  30.8603  33.6825  14.7449  12.6033 174.1420 
10  29.3215 326 -33.4437  -2.3872  -3.9741 -13.6182 -17.7981  -6.7090 -11.0479   4.2646   2.3192   2.3960  -4.5447  -7.2909 -12.3167  -4.1191  -3.3893  -9.2459  -6.7188  -8.5510  -7.7735  -5.2065  -2.1754   7.6575 -23.5097  14.6753  -4.6621  12.9665  -7.1522   5.0297 -15.1295  29.2800  31.4010  11.6301  12.9123  13.8188   2.1011  21.5200   8.4764  35.5340  20.1950  21.6128  23.5087  26.5401  19.6859  61.3035  36.6792  26.5698  17.4490   5.7459  13.5078  10.4581  15.4437 112.0847   8.9540  39.3998  31.1572  11.8194  12.4408 169.0948 
11  27.8947 299 -34.1781  -2.4470  -4.7301 -14.2295 -17.4919  -6.5890 -10.2334   4.8231   1.0492   2.0512  -4.6418  -7.2398 -12.8317  -4.7644  -1.4967 -11.4441  -6.1520  -8.3378  -8.0647  -5.3405  -2.3348   8.2398 -26.9318  14.8401  -3.7200  13.7672  -7.0078   5.9580 -17.4488  34.0799  26.3377  12.9053   9.1706  10.5305   1.9864  16.9593   5.0980  50.3397  17.0123  18.5163  24.6009  29.2445  23.6578  49.6152  36.5355  18.3994  22.2549   6.9079  11.2986   8.5161  17.5524 137.1072  13.5235  43.2935  16.6280  14.0244   6.6741 126.1761 
12  27.0829 311 -34.7164  -2.1559  -4.5854 -13.9287 -17.6775  -7.4684 -10.1963   4.0769  -0.5161   2.1060  -4.4474  -7.0326 -12.9488  -5.8437  -0.8735 -12.3745  -6.9446  -7.4712  -7.7467  -6.0725  -2.5660   8.2225 -28.5362  14.0764  -2.6441  13.6686  -7.0766   6.2633 -17.4212  35.1007  34.3721  11.4744   6.8751   9.2984   2.2654  18.8151   5.4727  46.5944  14.2897  15.3794  16.3242  23.2472  21.8683  43.4857  33.3548  19.6081  25.7910   7.7226   9.8073  10.7123  12.9128 121.2209  10.9027  51.2297  12.2927   9.6091   6.0293 149.3479 
13  26.9379 263 -34.2650  -2.3967  -4.9922 -14.1699 -18.0777  -7.9312  -9.5788   3.9850  -0.9039   2.6787  -4.5651  -7.7897 -13.0098  -5.9670  -0.1460 -12.9968  -7.0406  -7.1693  -7.1896  -6.5484  -1.6927   7.0374 -25.5805  14.1649  -0.0484  12.8753  -6.3197   6.0999 -20.9794  24.8342  26.8886  14.4690   3.8469  10.6086   1.7216  17.8549   5.0067  46.1935  12.8548  11.0179  10.3488  41.0665  18.0080  36.7242  24.9335  13.7602  29.6320   9.0810   6.0381  10.9216   8.5562  74.0927   9.9142  84.7036   6.3065   6.3970   4.4062 211.0126 
14  22.8103 287 -34.3060  -1.9449  -4.1592 -14.0519 -17.2459  -7.7056  -9.3332   3.8905  -0.1218   2.0785  -3.6578  -7.5730 -12.9416  -5.5701   0.0100 -12.8646  -6.5927  -6.0822  -7.3581  -6.3954  -2.0236   6.7746 -26.3098  13.3486  -0.7649  12.8621  -6.1602   6.1834 -17.0334  28.1695  35.1192  19.0281   3.4766  11.1513   1.8761  14.4624   4.2604  32.1774  11.5985   8.6307   9.3884  46.5211  12.6795  22.1940  17.5598  11.6035  21.9647   8.8675   3.5789   9.3174   8.8797  60.4734   8.5041  60.8344   6.8619   4.1482   4.1370 174.0358 
15  17.5178 314 -34.2501  -3.0586  -3.6497 -14.0322 -15.3837  -7.5744  -9.8649   4.4188  -0.9366   3.0361  -4.1991  -7.7067 -11.7883  -6.0146   0.4772 -11.5405  -6.9913  -6.6870  -7.7589  -6.5341  -1.2473   6.2750 -27.2397  13.2076  -0.2063  12.5474  -5.9554   5.8688 -17.1926  27.4258  32.1970  17.1194   3.6521  16.8059   1.6185  19.0755   5.4560  20.8484   7.3718   6.0355   5.9254  33.8361   8.3002  20.5949  11.3755   7.9299  12.7880   8.6929   3.2719   7.8080  11.0742  35.9995   8.1632  39.9444   7.5198   2.4743   3.6702 121.0410 
16  16.2533 252 -35.8943  -5.2888  -3.0952 -14.3195 -18.0023  -8.1234  -9.8544   4.6861   0.3765   3.8337  -4.5525  -8.3733 -12.9389  -6.6809  -0.6169 -12.0375  -6.8772  -5.9762  -8.5506  -7.1124  -1.1772   6.6027 -26.8811  14.4049  -0.8721  13.4444  -6.4495   6.5895 -20.9610  29.2625  36.2494  13.9402   4.6696  14.1434   2.6965  20.2548   3.8290  15.6746   6.4492   9.0935   4.3909  29.5241   8.2580  15.1197  10.1510   8.1387  10.7972  11.7222   4.3455   4.6875   8.7253  47.9497   7.7465  48.6838   7.9201   2.1095   3.9418  80.8707 
17  14.1430 307 -36.5098  -2.8122  -2.5025 -14.1134 -17.8868  -7.8542  -9.3125   4.4831  -0.2267   4.0045  -5.1886  -8.1944 -12.4241  -6.9809  -0.9812 -12.0567  -6.9001  -6.3331  -8.2039  -7.0920  -0.7827   5.9672 -26.2235  14.4852  -0.5716  13.1541  -6.3428   7.0029 -20.7841  26.0808  33.6280  15.5994   4.8239  14.2582   2.1050  12.5046   4.2842  15.0342   8.0650   9.1758   3.1900  29.7048   5.9952   8.2493   8.0061   5.3059   6.7662  10.3874   2.9254   4.7813   7.9850  42.9880   7.1968  42.3636   5.2224   2.5638   2.6983  68.2588 
18  13.7271 287 -39.1233  -1.9366  -2.7756 -15.5216 -18.0772  -8.5171  -9.0954   5.0794  -0.3499   4.7701  -5.6157  -8.8231 -12.8624  -7.9288  -0.6674 -12.8335  -6.6448  -6.1845  -8.9644  -7.7869  -1.7976   5.8482 -28.2340  15.5753   0.9563  13.9366  -6.7567   7.5085 -22.7136  48.9867  36.3352  17.8914   4.7920  15.5355   2.4413  10.2491   6.4455  14.3209   7.5769   7.7061   4.0718  22.2413   4.5699   9.4435  10.5192   4.3605   7.9725   8.2247   3.9813   4.3134   6.2104  30.5589   7.1754  34.9552   5.6883   4.0795   2.4387  55.0020 
19  11.2269 294 -39.8962  -1.0758  -2.1421 -15.8096 -17.2489  -8.4156  -8.3165   5.7067  -0.9097   5.1248  -5.0997  -9.4880 -13.9118  -8.0213  -0.9745 -12.8501  -6.6686  -7.6269  -9.5839  -8.3732  -0.9579   5.9935 -27.7493  15.4740   1.9237  14.4556  -6.7422   7.3115 -22.9203  34.2855  18.5499  13.2911   2.2252   8.6392   1.5251   7.0683   7.7165   9.9553   5.2580   4.6034   5.9846  18.3459   5.5547   8.4569  12.0296   3.2559   8.3474   6.9926   4.2592   3.0132   4.4687  20.3944   5.0639  44.2198   4.8152   4.9070   1.7839  50.5709 
20  10.1078 296 -40.6989  -0.3641  -1.4389 -15.8034 -18.0345  -8.3354  -8.5287   6.2187  -1.7498   4.5623  -5.0627  -9.8455 -13.6854  -8.1385  -0.7718 -13.2705  -5.8954  -7.4048 -10.4201  -8.9376  -1.0610   6.2454 -27.8661  15.1203   1.1354  14.7026  -6.2730   7.4523 -24.8973  16.3514  20.6355  11.3805   2.1875  10.2536   1.5021   7.5695   6.1366  10.5713   7.2791   2.7398   4.7363  14.0953   6.7228   5.4377   7.4425   2.6399   6.9778   7.6088   3.2289   2.0732   5.3616  19.1212   3.0754  57.0161   3.1955   5.6642   1.8533  40.2687 
21   9.7316 323 -40.0947  -2.2210  -0.8400 -16.1910 -18.1317  -8.0926  -7.8074   5.9575  -1.2608   4.1789  -4.8276 -10.2013 -13.8941  -8.7641  -0.9595 -12.3028  -5.7633  -8.6219 -10.5770  -8.7627  -1.1980   6.2222 -27.2130  15.6488   2.0801  14.4614  -6.1750   7.4938 -25.8327  19.9320  24.0276  10.3772   1.8820  13.8942   1.0418   5.6963   7.2976  10.4052   6.8998   2.3224   3.9090  11.2544   7.6512   3.7364   6.2817   2.3778   8.3054   6.9875   4.0189   1.6554   3.4175  15.2378   2.7719  48.8272   1.7264   6.0187   2.0621  42.2013 
22   9.1920 313 -39.6955  -4.4286  -2.0381 -15.9017 -17.8520  -8.1777  -7.3189   6.0119  -1.4040   4.0230  -4.8890  -9.7198 -13.4356  -8.6547  -0.6552 -12.9449  -5.2015  -6.9759  -9.9549  -9.1204  -1.4460   5.4657 -26.6662  15.2575   3.0562  13.7632  -7.4374   7.4535 -25.6200  19.5274  14.4134   8.8244   1.6198  12.9638   0.8048   4.3320   6.6522  11.6065  10.0864   3.0949   2.5715   7.4129   6.9395   3.3242   6.0209   2.3317   7.3423   4.7059   4.6021   1.9015   2.8763  10.7117   2.1860  47.8599   1.4695   3.3358   1.8970  55.1545 
23   8.4079 315 -40.0267  -5.2890  -2.0655 -16.2513 -17.0986  -7.9532  -6.9472   6.4142  -1.4538   4.8352  -5.3626 -10.1128 -14.0656  -8.3489  -0.4317 -13.6304  -5.8816  -7.5979  -9.7576  -9.3815  -1.5190   5.2672 -26.6126  15.2894   6.1360  14.0618  -7.1082   7.5245 -23.7152  14.1270  12.8868   7.6129   1.7554  11.7198   1.0359   2.3235   5.1571  10.6238   9.0882   3.8980   1.7922   6.9710   5.7242   3.8213   9.4665   2.4506   7.7157   5.0183   3.4245   1.4077   1.8738  12.9598   2.2537  34.3488   0.8020   4.3398   2.3241  56.9055 
24   9.1685 340 -42.4076  -5.5335  -3.0171 -16.9563 -18.3376  -8.3085  -7.2646   7.4907  -0.9369   5.3219  -5.5541 -10.2756 -15.1253  -8.9466  -0.6602 -14.1057  -5.9202  -7.7071 -11.0058  -9.6849  -1.5508   5.9382 -29.2252  16.2244   7.4372  14.8865  -7.9152   8.7271 -27.6654  24.3831  12.2667   6.4630   3.5442  14.0120   1.5301   2.0563   5.6339  10.6039   7.4926   3.3419   2.2442   7.1192   4.8299   2.2496   9.6646   1.7267   8.4166   5.2694   5.4208   1.6916   1.5907  14.8497   3.3536  25.6355   2.1888   4.5074   3.4333  70.3663 
25   8.5149 360 -40.9551  -5.2972  -2.9870 -16.6752 -17.9768  -8.5005  -7.1040   7.6821  -0.2237   4.6726  -5.2396 -10.4583 -14.7048  -9.3495  -0.6317 -14.7512  -6.0622  -7.4610 -10.6100 -10.2223  -1.4169   5.9137 -28.8674  16.0715   7.6460  14.7103  -7.4005   7.7523 -26.8950  38.5287   9.9706   5.7573   3.3710  19.5902   1.2582   1.4246   4.4266   7.2239   5.7717   4.1654   2.0939   7.2569   6.6032   1.3388   8.5963   2.1906  10.5744   3.9016   4.0096   0.8648   1.5853  10.2767   3.8131  26.0186   2.2408   3.7530   4.2014  46.1234 
26   7.1831 447 -41.1184  -5.5302  -2.5826 -16.6751 -19.4083  -8.5460  -7.2257   7.5079  -0.1188   5.4502  -5.5331 -10.3087 -14.1874  -9.0656  -0.3015 -14.2014  -6.2823  -7.9341 -10.6234  -9.9831  -1.1189   6.1088 -28.3653  15.7705   7.4816  14.6241  -7.8216   7.6923 -27.1088  30.6277   7.0743   2.8314   2.8068  21.7627   1.1591   1.5434   3.4810   4.9628   3.5345   2.7379   2.1358   6.0429   4.1515   1.2238   9.1352   2.3073  12.2616   1.9848   4.5191   0.5649   1.5747  11.9697   3.7657  19.2385   1.1630   2.8798   3.5775  37.2922 
27   6.0993 341 -41.0731  -5.1624  -2.6261 -17.2121 -19.0291  -8.6432  -7.0763   7.3052  -0.3342   5.5126  -5.8729 -10.7027 -15.0497  -9.5598  -0.5102 -14.2728  -6.2765  -6.8121 -10.7343  -9.8157  -1.2288   6.2119 -27.9244  15.7361   7.6155  14.6905  -7.7749   7.5078 -25.0362  36.3766   8.4399   1.4975   1.9512  23.8329   2.0973   1.1864   2.0247   4.2878   3.2625   2.3471   1.5460   4.6421   2.1862   1.0595   6.4716   1.9143   7.0397   1.9470   3.3486   0.3744   1.0139   9.5217   2.9143  19.5813   0.6156   2.2532   3.4076  19.7403 
28   6.1044 349 -40.4562  -4.2281  -2.7672 -17.2674 -17.9328  -8.6209  -6.9527   6.8866  -0.2212   5.5410  -5.6139 -10.6983 -13.8254  -9.6915  -0.3725 -13.9842  -6.0576  -6.5246 -10.3862 -10.2572  -1.1146   6.0217 -29.2716  15.6522   6.7269  14.7870  -7.8138   7.6643 -25.5178  35.1229   7.7587   1.6164   2.7384  29.9110   1.6637   1.0231   1.7698   4.5788   3.8036   2.0884   1.5059   3.6084   1.2059   1.3595   6.4151   2.3197   8.4036   1.7208   3.8769   0.2189   1.0705   6.3803   2.6401  22.2199   0.4659   2.3465   2.8790  16.3151 
29   5.4584 364 -39.0851  -3.9433  -2.5530 -17.4709 -17.9064  -9.1818  -6.9305   6.8489  -0.3432   4.8109  -5.5274 -10.5636 -13.9601  -9.5794   0.0622 -14.6927  -5.8227  -6.7941 -10.1859 -10.8505  -1.2163   5.9465 -29.3792  16.3419   6.8588  14.8316  -8.1757   7.3686 -24.9623  30.0917   7.5193   1.3046   2.2325  16.7916   1.4495   0.7197   1.0767   5.1645   3.3885   1.8441   2.1653   3.8696   1.0725   0.8139   3.1985   1.4328  11.3375   1.7063   4.3539   0.2034   0.9994   4.5995   1.9303  25.8352   0.4025   2.5606   2.7357  17.4951 
30   5.5354 343 -38.1274  -3.6922  -2.5425 -16.9273 -18.6450  -9.2799  -7.0059   6.7909  -1.2449   4.8069  -5.7211 -10.6321 -14.2066  -9.4763   0.0190 -14.7464  -5.7700  -6.9675  -9.9872 -11.1417  -1.1516   6.2831 -28.8830  16.4411   7.0236  14.7796  -8.5064   7.3237 -24.8287  32.5727  10.8774   1.2483   2.7932  11.8551   1.4018   0.8745   0.9061   3.5411   3.3615   1.5346   2.1103   2.7884   0.5431   0.8396   2.8298   1.1871  14.8728   1.1589   4.4370   0.1792   1.1142   4.9489   1.7358  24.6324   0.3788   2.2994   3.0067  20.4992 
31   5.0111 363 -38.8106  -3.8028  -2.6959 -16.9358 -19.3426  -9.1939  -6.8392   6.4384  -1.0975   5.0040  -5.2915 -10.5809 -13.9480  -9.3950  -0.5075 -15.3508  -5.8591  -7.4731  -9.7744 -11.4608  -1.0634   6.4554 -28.6542  16.6725   8.0667  14.7097  -8.8244   7.1517 -25.0616  28.9812   6.4518   1.2391   1.6520   8.5716   1.0878   1.0745   0.7484   6.0358   3.4054   1.4071   1.8279   2.7673   0.3933   0.5959   2.0540   1.2723  16.1577   1.6464   3.1781   0.1463   1.2420   4.6023   1.8844  17.0373   0.6368   2.7800   2.1022  24.3445 
32   5.2457 336 -37.8874  -3.7642  -2.6325 -17.3784 -20.5114  -9.0197  -7.0128   6.5714  -0.6387   5.2590  -5.1934 -10.4484 -14.1792  -9.2719  -0.4504 -15.7417  -5.8475  -8.5940  -9.8112 -10.9260  -1.1192   6.6925 -28.2664  16.9738   8.5733  14.9499  -9.2903   6.8369 -24.6981  34.5912   4.0902   0.9833   1.7397   7.1003   1.1925   0.9940   0.6961   6.5674   4.1376   1.2744   1.2713   2.4965   0.3023   0.4358   1.3409   0.9325  14.1566   1.1208   2.9856   0.0754   1.1320   4.2316   2.1595  19.1245   0.6742   2.4018   2.1382  31.7778 
33   4.9347 321 -38.5218  -3.4571  -2.3853 -17.5071 -21.1770  -9.1135  -7.0511   6.8002   0.1700   5.1756  -5.5454 -10.1968 -13.9432  -9.1227  -0.2888 -15.9095  -5.9313  -7.2220  -9.6054 -10.9635  -1.0815   6.6972 -27.9736  16.8134   8.8897  14.9246  -9.5965   6.3588 -25.2847  21.1399   3.1955   1.1041   1.2293   8.2826   1.2539   0.5934   0.3971  11.0585   3.8041   1.0618   1.0362   3.7812   0.2705   0.3501   1.9787   0.8267  11.9297   0.7184   2.7489   0.0797   0.6694   3.7427   2.6532  18.5186   0.8958   2.0323   1.7360  36.0186 
34   4.1701 334 -37.9306  -3.5838  -2.5729 -17.9068 -21.4881  -9.1404  -6.8768   6.9172   0.9022   5.0373  -5.5701 -10.4209 -13.4910  -8.9404  -0.2517 -16.0269  -6.0413  -7.3452  -9.6083 -10.6497  -1.0885   6.6840 -27.8023  16.8739   8.7358  14.8548  -9.6311   6.9262 -26.0676  14.2498   2.4190   1.0545   1.0480   5.8993   1.0028   0.5602   0.5087   8.3968   2.8752   0.7601   0.8691   3.3108   0.2742   0.4574   2.4579   0.7800   6.7538   0.6948   2.2444   0.0930   0.7224   4.1281   1.6704  24.2953   0.6113   1.3678   1.7117  29.7175 
35   3.3624 390 -38.2990  -3.8708  -2.4737 -17.6907 -21.0523  -8.8798  -6.5848   6.9607   1.2600   5.0543  -5.8221 -10.4447 -13.3382  -9.0645  -0.3548 -16.3570  -6.3333  -7.3567  -9.6482 -10.9181  -1.1658   6.7062 -28.3965  16.8426   8.4921  15.0050  -9.6466   6.5906 -28.0210  11.7210   1.8862   0.8574   0.8333   6.1610   1.1648   0.8683   0.4071   4.8512   2.3410   0.7456   1.1851   2.9685   0.2455   0.3939   2.6421   0.8695   5.9638   0.5294   2.7904   0.0726   0.6802   4.0328   1.6654  17.8860   0.5903   1.1990   2.1280  19.8304 
36   2.5570 323 -38.1827  -3.4627  -2.6226 -17.7285 -20.9812  -9.0066  -6.6250   7.0388   1.5357   4.9588  -5.8534 -10.6114 -13.2424  -9.0990  -0.1926 -16.2430  -6.3660  -7.9966  -9.6029 -10.9116  -1.1463   6.9278 -28.3660  16.9363   9.5923  14.9470  -9.8426   7.1245 -28.1093   5.7980   1.5794   0.5977   0.7862   5.3915   1.2062   0.6252   0.6106   4.8981   1.9586   0.6522   0.9571   1.7011   0.3070   0.2729   2.3523   0.9165   5.3491   0.3555   1.6236   0.0785   0.4864   2.9912   1.8852   9.5593   0.3678   1.1935   2.4658  17.1852 
37   2.2220 358 -38.4707  -2.9680  -2.5251 -17.6565 -20.2203  -8.9795  -6.5565   7.2165   1.7834   5.0273  -5.8246 -10.3848 -13.5980  -9.1567  -0.1350 -16.4515  -6.5471  -8.1242  -9.6903 -11.2385  -1.1903   6.9194 -28.6878  16.4005   9.2051  15.0763 -10.0749   6.3798 -28.1568   5.0245   1.0297   0.6912   0.5274   4.0956   0.8678   0.8586   0.5034   5.7188   1.8990   0.4056   0.7721   1.1646   0.4178   0.5263   2.8146   0.6607   4.4857   0.3429   1.2887   0.0735   0.4654   2.0529   1.8979   6.8730   0.3602   0.7440   3.3221  14.5537 
38   2.1556 322 -37.6287  -2.9220  -2.4579 -17.6458 -19.3705  -8.9793  -6.6307   7.1697   1.4196   5.0468  -5.8118 -10.6027 -13.6153  -9.0787  -0.0711 -16.5149  -6.5772  -7.8963  -9.8926 -10.9640  -1.2594   7.2429 -28.6906  16.5264   9.6852  15.1077 -10.2031   5.8718 -27.7565   6.7366   0.9367   0.7616   0.5878   3.2110   0.7004   0.9383   0.3260   3.7220   1.7908   0.2689   0.4278   0.8860   0.3593   0.7506   3.6431   0.4523   5.3946   0.2513   1.1984   0.0625   0.5877   1.5106   1.6002   5.7530   0.3697   1.0248   2.2264  16.0334 
39   2.1030 401 -37.8567  -3.1160  -2.3921 -17.8301 -18.8598  -8.8890  -6.8345   7.1616   1.3051   4.9117  -5.9714 -10.7246 -13.9889  -9.3576  -0.2486 -17.1774  -6.4875  -7.3755  -9.9519 -10.9189  -1.3411   7.1591 -28.9218  16.5417   9.0704  15.0490 -10.2039   5.8544 -26.7163   6.7266   1.1281   1.0594   0.8336   2.5934   0.7715   0.7432   0.2527   3.4250   2.0511   0.1816   0.4708   1.1206   0.2376   0.7845   3.6844   0.2346   6.9048   0.2687   1.6710   0.0522   0.7094   1.0632   1.8179   3.7036   0.5201   1.0833   1.1488  15.7457 
40   1.7784 385 -37.5818  -3.4063  -2.3245 -17.8935 -18.9349  -9.0290  -6.7740   7.1458   1.5541   4.5927  -5.9321 -10.6010 -14.2819  -9.3390  -0.2591 -16.9660  -6.5421  -7.5708 -10.0780 -11.1467  -1.3627   7.1836 -29.0192  16.3863   8.7743  15.0786 -10.1037   5.7081 -26.6195   6.3064   0.6015   0.8985   0.7775   3.0903   0.9040   0.6489   0.3389   4.6890   1.0628   0.1585   0.5227   1.0115   0.3737   0.4609   3.0271   0.2261   4.7377   0.1641   1.4749   0.0603   0.7159   1.0606   2.1967   3.0327   0.5924   1.0046   0.6144  10.8218 
41   1.5046 337 -37.5941  -3.6013  -2.5402 -17.8881 -18.6473  -8.8334  -6.6782   7.3310   1.4599   4.7132  -5.9090 -10.7445 -14.1928  -9.2786  -0.0067 -16.9960  -6.5509  -7.1519 -10.0582 -11.1580  -1.4309   6.9766 -29.3376  16.5520   8.4705  14.9686 -10.1717   5.9171 -27.1010   5.1865   0.3892   0.8367   0.4687   2.6950   1.0178   0.6956   0.2122   4.4650   0.8695   0.1176   0.7316   0.7329   0.2103   0.3390   3.3759   0.1780   3.0699   0.1351   1.3951   0.0606   0.7995   0.9824   2.7491   2.4896   0.7778   0.7754   0.6531   7.2228 
42   2.7149 335 -39.9163  -3.9672  -2.6460 -19.0161 -20.3950  -9.7212  -6.8756   7.6990   1.2283   4.9102  -6.3408 -11.0739 -14.9063  -9.8392  -0.1676 -18.1639  -7.0371  -7.6058 -10.6862 -11.5640  -1.5363   7.6033 -30.9217  16.9942   8.8932  15.9136 -10.6791   6.1274 -29.8753  14.1560   0.4718   0.9268   2.7107   4.8412   1.5872   0.6934   0.6280   4.8812   1.0941   0.3319   1.7936   1.8679   0.7487   0.3467   3.9853   0.4934   3.7778   0.8229   1.8334   0.0730   1.0789   6.7865   3.2438   2.3794   2.1799   1.3756   0.6429  12.9789 
43   2.3831 360 -39.9798  -3.9606  -2.6964 -18.9132 -19.9256  -9.4625  -7.0304   7.7699   1.1269   4.7898  -6.4647 -11.5329 -14.9189 -10.1750  -0.1514 -17.8303  -6.8757  -6.4964 -11.0051 -11.0939  -1.6154   7.4372 -31.4153  16.6239   8.8623  16.2299 -10.6332   6.0272 -29.6365  12.8186   0.3479   0.5519   3.2596   3.5889   1.2804   0.5154   0.9177   5.5702   0.6478   0.3442   1.1277   1.7674   0.7916   0.2730   3.5580   0.4020   2.7045   0.8271   1.7611   0.0651   0.7192   8.5463   2.4079   1.9035   2.2400   1.2460   0.3926   8.5341 
44   8.6145 334 -43.7973  -4.5144  -3.0296 -21.3873 -22.9059 -10.3734  -7.7119   8.7341   1.0065   5.4676  -7.3272 -12.5201 -16.5727 -11.2358  -0.2612 -20.0590  -7.8648  -7.0652 -12.4187 -12.0665  -1.7970   8.2165 -35.1408  19.0956   9.8810  18.1182 -11.3616   6.9896 -31.8989  57.8208   0.9307   0.6489  13.4856  17.2301   3.6635   1.8327   2.6830   5.7134   1.2251   1.5175   4.4155   7.2998   3.5153   0.3559  12.4189   1.7792   4.0882   4.6092   4.7602   0.1368   2.4486  38.7291  11.3921   4.0827   9.6442   3.8459   1.6220  27.9253 
45   7.3807 348 -45.2083  -4.5905  -3.3997 -20.5659 -23.9066 -10.6556  -8.1580   8.7646   0.6426   5.4603  -7.3355 -12.9319 -16.5510 -11.0780  -0.1116 -20.1698  -7.6376  -6.9934 -13.3046 -11.6497  -1.9094   8.5075 -33.9008  18.2256  10.5584  18.5298 -10.7941   6.9986 -31.4984  34.9403   1.1752   0.6119  11.7536  20.1100   2.4854   2.4711   2.8920   5.7085   1.2936   0.9119   6.6215   4.2971   2.3865   0.2500   9.4807   2.0138   3.6674   3.2012   3.6760   0.1073   2.2248  44.1350   8.8903   2.2253   8.0775   3.1835   2.6639  22.5847 
46   6.8998 349 -44.7933  -4.6395  -3.5322 -20.6736 -26.0520 -10.7892  -7.9987   8.2044   0.6322   5.4572  -7.2517 -13.4063 -16.5609 -11.3961  -0.2512 -19.2192  -7.8108  -6.7530 -13.5971 -11.5348  -1.7744   8.0337 -32.3388  19.7326  10.3269  18.5551 -11.5084   7.1942 -32.6727  31.3103   1.0080   0.5600   9.5402  22.3840   1.7327   1.8922   2.7935   5.3832   0.8114   1.3599   5.4716   3.3899   1.7854   0.2131   9.2820   3.0315   3.2368   2.6881   2.6537   0.0958   1.7340  47.9616   8.7287   2.3872   6.8407   2.3675   2.0537  17.3961 
47   6.5295 332 -44.7913  -4.6902  -3.5440 -19.9935 -26.8998 -10.6260  -8.1638   8.1799   0.2166   5.5552  -6.9151 -14.0582 -16.5524 -11.2908  -0.3067 -18.5371  -7.7491  -6.5511 -13.8899 -11.0138  -1.6860   8.3616 -29.5340  19.9612  10.4069  18.5524 -11.7513   6.7658 -32.1342  26.6682   0.6126   0.4561  11.1865  17.8680   1.0979   1.7558   2.2744   3.6280   0.6878   1.2175   6.6423   2.7209   1.4716   0.1222   7.5159   2.1108   2.7463   2.4128   2.4085   0.1082   1.4916  64.9070   6.1764   2.5516   4.6523   2.7953   1.7134   9.3553 
48   5.5817 339 -45.8377  -4.6939  -3.5497 -21.1062 -27.4311 -10.6060  -8.2249   8.6615   0.1077   5.4241  -6.3470 -13.9479 -17.1281 -11.0336  -0.2972 -18.6794  -7.6240  -6.4759 -14.1509 -10.8947  -1.5966   8.4411 -30.2587  20.0818  10.8839  18.4918 -11.3468   6.5469 -31.9643  23.5727   0.4961   0.3452  12.4889  18.9134   0.7876   1.3680   3.0995   3.1877   0.7389   0.6986   5.2896   2.3790   1.7013   0.0954   5.4490   1.4277   2.7999   1.8220   1.4336   0.0976   2.2147  45.3717   6.0921   2.7730   6.9311   2.1523   1.2559   6.8855 
49   4.3536 425 -44.8848  -4.5306  -3.6697 -21.3534 -26.8182 -10.4912  -8.3520   8.7508  -0.0151   5.5607  -6.5271 -14.4544 -16.9461 -10.8825  -0.3415 -19.0444  -7.4963  -6.6289 -13.7238 -10.9102  -1.6544   8.5502 -32.8634  20.0548  11.1008  18.8588 -11.4954   6.2658 -30.9672  16.5990   0.5546   0.3242   9.2806  18.2394   1.0421   0.9544   3.8092   2.2533   0.6362   0.9498   3.7369   1.6999   0.8958   0.1212   3.6185   1.0566   2.5477   1.8833   1.1020   0.0787   2.0358  23.8589   5.0597   2.8520   9.3507   1.8807   1.3751   8.4576 
