10 20 29
0  92.0037 55  -6.0837  -0.6893   2.0435  -2.9132  -7.8366  -6.9996  -5.8376   0.3524   2.4669   2.2615   1.2825  -2.5580  -0.8509  -0.6785  -3.8430  -3.7733   1.0638  -3.4176  -2.8167  -0.2743   1.1626   2.3670  -0.9373   2.1247  -2.4604   0.8300  -0.7625   1.1977  -0.3144  73.5537 100.9070  80.6905  78.3284  73.3150  78.1171 119.1849  85.4004  98.3148  96.1020  69.6183  99.0958  67.6749  67.6583  95.7331  81.6500  93.1241 122.2406 113.6885  86.2151  97.8549  82.9844 159.5503 101.5313 116.7155  97.9761  82.8440  71.1262  76.9127 
1  77.7097 100  -8.7278  -4.5102   4.3091  -3.0080 -12.5180  -9.9029  -9.6195   0.8564   3.8434   2.3020   0.1849  -2.7183  -3.7446  -1.2754  -4.9190  -7.2659  -0.1675  -7.3470  -2.8099  -0.5346  -1.2274   2.3292  -4.9707   5.4012  -4.9799   0.8809  -3.8319   1.9198  -0.4280  58.4548  65.9733  52.1278  65.5834  62.9786  39.5486  97.6212 120.2777  80.8798  72.3137  56.4509 133.2246  53.7246  52.4942  69.4924  85.0940  95.1397  98.3552 111.6026  65.9227  65.9482  77.6120 123.0210  70.0799 112.7335  74.3612  58.6395  46.0248  87.9012 
2  61.7852 116 -11.9067  -2.2747   5.1159  -6.4490 -12.8358 -10.0900 -11.1093   2.3890   3.4151  -1.7968  -1.3531  -5.9365  -4.6497  -0.5790  -4.4754 -10.0810  -2.7792  -6.8809  -2.1730  -3.1135  -1.1223   3.1869  -8.6980   5.1199  -9.3156   1.4297  -4.4749   1.8229  -0.2826  54.5952  57.0976  36.1781  36.7191  49.3013  27.8005 101.4881  70.2874  55.2109  46.9625  39.0927  94.5071  34.7726  60.4610  72.2265  48.2614  79.9968 103.3368 106.0691  41.2741  75.0150  63.0502 106.7950  44.4496  91.0189  37.5152  63.8989  30.1032  64.2855 
3  53.6503 190 -15.2068  -3.4899   4.0993  -7.2029 -15.0271 -10.3929 -12.1264   2.7602   3.5701  -0.2177   2.7329  -7.5284  -5.4698   1.1793  -4.1062 -10.4426   0.5810  -5.6174  -0.3215  -4.5733  -1.2507   2.2635  -7.0095   4.6304 -11.9848   1.2285  -2.4835  -0.8585  -1.2308  39.1162  50.9131  30.7189  42.0761  29.5454  23.5378  76.4078  74.0090  31.0567  33.8183  34.0733  93.3313  29.7058  91.7005  56.7335  44.0607  64.4070  74.6323 100.8564  38.5864  51.4391  36.7044  80.0793  34.2846 119.5108  41.9572  37.4762  29.2910  65.8301 
4  43.8100 217 -16.5708  -3.2722   3.2818  -7.2742 -16.8966  -9.9258 -12.2531   1.9233   4.3936   1.3536   1.6810  -8.4241  -5.5330   4.8666  -3.7260  -9.7360   2.8540  -7.6529   0.1277  -5.6392  -2.6580   4.5288  -9.1109   4.8528 -12.4520   2.2821  -3.4653  -0.2498  -1.6508  23.9564  41.7761  25.3228  22.0645  16.6493  15.2133  55.8802  47.0077  25.3890  41.7645  34.0071  42.6011  32.1532  64.7655  47.3379  57.1668  63.5475  55.1456  76.0918  29.0719  42.4206  26.7670  93.1104  37.4599 117.2861  49.0097  24.8487  25.1385  37.5369 
5  41.1085 192 -18.4455  -1.3647   3.2455  -7.9638 -16.0628  -9.7282 -11.1558   1.5853   4.7321   0.6995   1.0484  -5.6516  -8.4704   4.1347  -2.8604 -12.2718   5.7668  -5.9722  -0.7088  -7.4693  -1.5115   4.7695  -8.3249   4.8294 -10.2192   3.8413  -3.1933   0.7928  -3.0651  24.6680  39.1880  27.5226  21.4516  10.3355  11.7421  44.2497  61.4537  31.3631  42.8058  35.7531  46.9153  22.7131  60.5534  33.7326  50.6278  41.1863 105.0102  53.2265  23.3548  29.3707  15.1853  86.8581  26.3700 130.4834  36.1552  20.9189  21.7475  37.2040 
6  34.1742 200 -18.6066  -3.2964   2.1006  -8.0225 -16.2103  -9.5267 -10.2247   2.1889   4.2187   0.5965   0.6352  -5.7565  -8.3376   3.7808  -3.6357 -13.6887   7.4426  -8.1955  -0.0757  -7.8663  -2.7599   6.0685  -6.0415   5.5968 -10.1448   4.0336  -3.4056   2.0100  -3.6404  15.7843  38.5137  22.3601  17.2373   7.3439   9.2271  31.6223  45.7849  27.5002  34.3412  28.8368  35.7493  17.7822  38.5941  23.6834  42.2309  40.0176  75.0227  60.0993  24.0386  24.2932   8.0152  81.3467  20.5113 109.2161  40.9575  19.2516  17.2277  34.4630 
7  31.2386 194 -18.0329  -4.4141   0.3379  -7.8115 -15.5893 -10.1778  -9.7987   1.7872   3.6243   1.5075   1.4095  -5.8755  -7.6469   3.7008  -3.4559 -15.0053   5.4002  -8.6768   1.8176  -8.7205  -3.2761   5.9085  -8.4003   6.6167  -9.2291   3.2769  -5.0762   2.4788  -6.1651  10.7738  39.2566  30.4623  15.3373   5.5859   8.1629  31.9416  35.6063  34.3927  40.4108  29.3081  21.1190   9.5938  20.7854  23.1155  33.7317  24.9389  59.2314  62.7953  25.4301  18.6189   7.5987  92.5069  15.6720 127.1669  20.6195  18.8530  13.2570  29.6458 
8  27.0392 243 -19.5412  -4.3226  -0.5444  -9.1677 -15.8480 -10.6018  -9.9070   1.4075   2.5331   3.4533   0.9691  -6.4297  -8.5917   2.8276  -3.8772 -14.5534   4.4449  -8.9660   1.3811  -7.5032  -2.4054   6.5656 -10.8579   7.6611  -6.3003   4.6961  -3.2226   3.3721  -6.2359   7.9895  29.7149  25.1990   9.2994   5.1860   5.9245  18.2418  37.5043  24.3638  27.5174  15.9148  26.4342   9.0166  16.0664  32.7350  26.6268  24.0819  75.1098  59.9093  32.3564  23.2629   7.3843  73.4649  17.3401  74.3707  29.1911  20.8223   9.4927  19.6148 
9  23.5242 243 -19.3320  -4.4740   0.7679  -9.2999 -15.9622 -10.1139 -10.2443   1.1012   3.5390   3.8196   1.2519  -5.3695  -8.5084   3.6960  -4.0445 -12.6998   5.0901  -8.2881   3.3289  -7.4320  -3.4706   6.3659 -11.7097   7.5750  -6.3370   4.8596  -1.6071   3.2675  -6.0770   9.0471  17.9506  26.2880   9.0689   4.4723   4.4539  21.2540  29.9557  26.0553  28.4042   9.9160  14.0381   4.7270  18.2043  53.0327  18.2467  22.0018  50.8476  48.8083  27.6865  17.4198   7.6822  59.5178  15.7689  53.0738  27.3494  21.0193  11.1916  24.7206 
10  22.7089 327 -19.5234  -4.0825   0.3645 -10.2390 -15.6433 -10.1457  -9.3824   2.2015   2.8013   1.7783   2.0008  -4.8101  -9.1632   3.6232  -1.0982 -12.4721   5.2098  -8.8349   3.5767  -8.3040  -3.6492   6.8944  -9.5610   8.1950  -5.9199   6.0371  -1.7337   4.0762  -7.4710   4.9696  11.7303  24.6716  11.8248   8.1805   5.9432  17.5783  23.2238  29.8854  23.2637  13.5465  10.8945   4.6934  18.8229  52.1388  17.1770  22.5265  49.7567  47.5314  16.0251  13.0866   4.1271  72.7831  16.9288  60.9118  21.3440  27.8009   8.4322  18.7600 
11  20.3946 212 -20.0269  -4.7993   2.5398 -11.2742 -15.8924  -9.7623  -9.6399   3.3970   3.5317   1.4631   2.7787  -6.0529  -8.7502   2.2668  -2.3745 -12.3370   5.4837  -8.3475   3.6998  -8.6744  -3.9838   6.6057 -11.5210   6.9864  -2.2938   6.1758  -1.4642   3.5374  -6.7939   3.6375   6.6711  20.8823  15.1689   6.2993   4.2022  14.2212  23.1177  18.8725  20.9600   9.4348  11.7098   3.2486  17.0274  40.8448  15.4389  23.6129  34.6938  45.0100  20.8418  10.8686   6.8087  80.8368  22.6045  41.3989  18.8955  30.4149   9.7953  13.9254 
12  20.3384 288 -21.9356  -4.8899   1.7261 -11.8411 -16.6234 -10.2807  -9.8843   5.3461   3.6532   0.8714   3.6032  -5.5286  -9.8211   2.8867  -3.5344 -13.6495   6.7265  -9.1749   4.5888 -10.1028  -3.3515   6.8528 -11.1057   6.0173  -2.2457   7.0498  -4.2945   3.6837  -6.8668   8.3276   4.8240  36.5629  14.3219   8.4780   4.6679  10.3834  26.4726  25.2650  28.6955   7.7733  13.5771   2.9695  20.0579  53.6788  13.1855  24.8430  31.3475  37.9563  22.1094  10.1045   6.2669  62.0802  19.0456  23.8237  25.2829  27.6071   7.5118  12.5934 
13  23.4844 216 -24.7930  -5.5423   2.8309 -12.8083 -17.7576 -10.8842 -10.6815   6.2411   4.1277   3.7877   4.2640  -6.6782 -10.9101   2.8880  -4.9135 -14.2195   8.4718 -12.9336   5.4578  -9.5863  -3.4758   7.6614 -11.2980   6.9763  -2.5641   7.5799  -6.9225   4.3092  -7.1032  20.7139   5.4737  47.7685  20.9519  15.3929   5.1465  14.1765  27.7501  17.4586  31.2516   6.7978  11.0481   5.2656  18.2815  75.5474  15.0784  40.1754  35.9897  43.4572  26.7961  16.1054   6.1404  47.5033  18.6912  22.1935  30.8820  32.6372   7.8905  14.4824 
14  21.1022 260 -26.6609  -6.3500   1.9808 -12.6425 -17.6301 -11.1616 -11.7874   7.4163   3.0267   4.3200   4.1739  -5.6281 -10.4757   2.1142  -2.4422 -13.6881   8.5730 -13.6263   5.6676  -9.4829  -2.7752   7.6726 -10.0569   7.6828  -3.0823   8.1885  -8.6826   5.2056  -8.7621  17.9942   5.8567  33.3714  19.7451   9.8137   4.4658  10.8206  30.2449  15.6540  44.9536   5.2068   8.1136   4.7364  12.5448  64.3451  16.9659  31.1131  36.7396  26.5925  21.8842  18.0802   6.9140  54.9046  18.3865  26.5464  28.2089  19.4388   4.6443  13.6785 
15  18.9918 280 -26.0248  -5.7973   1.9529 -12.8523 -18.7093 -11.1493 -11.7182   6.6479   2.2320   3.7949   4.6179  -5.2871  -9.9777   2.4364  -5.7649 -12.7984   8.1171 -12.8180   4.6911  -8.6391  -2.6025   7.1512 -10.0560   7.2198  -3.3368   8.9075  -9.3432   5.2012  -9.5760  14.5216   3.9452  24.6923  16.7259   8.2428   3.7805   7.9882  30.8218  12.0971  44.4771   4.0727   8.6385   4.1507  13.0512  56.0415  15.4651  47.5449  24.8248  22.7397  31.8319  19.3075   4.5277  39.1083  18.1704  20.6084  18.0133  13.7107   6.8463  14.8171 
16  16.9719 262 -26.9297  -5.8511   1.3037 -12.7306 -18.2356 -11.0653 -11.3964   5.8948   1.2911   4.1577   3.4361  -5.8959  -9.3674   2.5669  -7.5247 -13.7880   8.7925 -12.9182   4.9743 -10.1665  -1.9975   7.2412 -10.2960   5.5238  -3.0424   8.5311  -9.9147   5.2374  -7.5789  10.9505   2.0282  29.0774  16.6101   9.8402   3.1493   7.3030  32.9940   5.8368  50.1755   4.0471  10.1485   3.1976   9.8837  30.7781   9.7281  44.5758  16.3495  19.8428  24.2155  16.0524   3.1188  29.2508  19.4876  26.2913  21.3650  14.1219   7.8609  13.9052 
17  15.2210 255 -27.6626  -5.7894   2.4613 -12.0796 -18.4473 -10.7932 -11.4688   5.0169   1.1137   4.9090   3.3167  -5.9776  -9.3437   0.8584  -6.9223 -13.6083   9.6989 -13.6341   4.9332  -9.9516  -1.7292   7.7265  -9.3651   5.6474  -1.7356   9.6783  -9.2238   5.3080  -8.2848  12.5428   1.6992  19.1958  20.0878   8.1771   2.0458   7.0753  26.3872   3.7702  53.0020   3.7929  14.2994   2.9503   6.0328  24.1549   8.4246  42.2315  13.8273  18.0900  25.9893  11.5595   2.4066  24.3249  15.6316  22.0286  13.8747  14.3442   7.4497  16.0131 
18  13.1865 270 -27.8099  -5.7855   1.3446 -12.3109 -19.1992 -10.9576 -11.9158   6.6902   1.5193   4.1384   3.4621  -6.7631  -9.2618   0.8182  -7.6620 -12.9831   8.7745 -13.8210   3.9074  -9.0434  -1.0091   7.8624  -9.2513   6.3342  -1.4824   9.3692  -8.4907   5.2759  -8.9749   9.6325   1.6001  17.3003  15.1680   6.3218   1.8923   6.5705  29.3954   2.9045  37.8394   3.3799   6.6733   3.3019   5.3649  23.6513   8.3043  28.2594  16.0357  19.3245  25.4003   9.4090   3.6894  15.1468  15.1123  19.3462   8.9326  19.3920   8.1032  14.9554 
19  13.2234 316 -27.8415  -5.9861   1.4451 -12.4916 -19.9295 -10.6824 -11.4479   6.3116   1.6578   4.0229   3.9331  -6.3938  -9.7262   1.7586  -7.7796 -12.5911   7.2920 -14.4395   3.7170  -8.8412  -2.2658   7.8347  -9.7937   6.7437  -0.1124   9.6776  -9.6623   6.1349  -9.2981   7.3617   1.1381  10.9784   9.9865   6.8021   1.7336  12.7826  21.8891   4.0987  44.1855   4.4737   4.0735   4.7194   3.6216  21.6845   8.4678  30.0119  16.6857  22.2014  26.5180   7.9575   2.4909  14.2523  12.5195  20.1800   7.3189  34.5979   6.6890  14.0589 
20  12.7078 344 -27.7193  -6.2523   0.5611 -13.3952 -19.9613 -10.7493 -11.3643   6.2435   2.1077   2.2662   3.6495  -6.9618 -10.0516   1.7638  -7.7156 -12.6496   5.2749 -15.4092   4.8182  -9.3415  -2.3666   7.3085  -8.6246   7.1622   0.7414   9.9728  -7.6402   6.1073  -8.9787   6.3554   0.9076  14.2419   9.0038   7.3455   1.2251  11.3139  20.0656   3.7905  40.9761   4.5530   7.0451   3.3459   4.0174  15.6194  10.7726  29.9993  10.8222  19.6904  24.6983  12.0398   2.7669  11.9913  13.7738  30.6287   6.0590  28.4874   6.2364  10.7529 
21  13.7128 351 -29.2584  -6.4478   0.8640 -14.0110 -20.4491 -11.5757 -11.4582   4.6449   1.6051   5.1377   3.8757  -6.9840 -10.7979   1.9904  -8.2115 -13.0682   6.6410 -15.9955   4.0188  -9.4277  -3.7800   7.9164  -9.1774   8.5534   0.3764  10.3654  -8.4217   7.1614  -9.3080  11.6353   0.7211  24.1286  14.6579   8.2274   1.9442   7.6545  18.1195   2.8723  55.4795   4.5037   8.6277   6.2663   2.5591  18.1645  11.4836  21.9119  15.9779  17.3287  18.6736  13.6024   3.8570  10.9308  10.6419  34.0608   6.5666  32.6463   5.3393   9.0895 
22  12.4616 285 -28.9153  -6.5256   0.2815 -13.3110 -19.8126 -11.8045 -11.1582   5.1638   1.4377   6.7620   3.8400  -7.1392 -10.7581   2.3835  -6.7746 -13.4173   6.7361 -15.4941   4.6779  -9.4597  -3.4402   8.8099 -10.1711   8.4414   1.0041  10.4679  -8.9181   7.0438  -9.6153  12.0513   0.9731  13.9894  13.1840   5.1029   1.4860   7.6175  21.6682   2.5774  59.3408   6.1722   6.7669   6.0180   1.8902  18.0855  10.6565  23.4733  13.2481  12.2905  14.7228   9.4072   3.5849   9.8780   8.4212  32.7183   4.1982  31.5707   5.4547   4.8387 
23  11.6464 261 -28.5811  -6.4270   0.0450 -12.9552 -20.2381 -11.9670 -10.6932   4.7455   1.3902   7.3143   4.2694  -7.6966 -10.1556   2.3131  -7.1452 -13.6648   6.1076 -14.6802   5.0497  -9.9567  -4.1907   8.1887 -10.6055   7.8294   1.3280  11.0406  -9.2876   6.7309  -9.6173   8.5907   1.0285  11.1146   9.1092   3.0753   2.2740   6.9900  16.9846   2.9931  70.4931   7.2393   8.1029   2.8962   1.0665  12.4852   8.1332  15.8077  12.6369  15.5650  10.4458   5.6762   3.0967   8.7727   9.9947  22.7382   3.6886  49.5279   3.9503   3.2672 
24  12.5059 295 -28.2006  -6.4872   0.5188 -12.9999 -20.1473 -12.3634 -10.7722   4.4580   1.0387   5.5858   3.3194  -8.1279 -10.5208   2.2399  -7.9529 -13.8780   6.5640 -14.9005   5.5216  -9.7516  -4.0794   7.8293 -10.6340   7.7058   1.3653  10.6102  -9.6344   6.8412  -9.8499   6.5027   0.6407   9.3313   7.6942   1.9009   1.5524   5.3773  17.3386   1.9345  84.2619   9.6141  11.6237   3.6933   0.8828   9.3609   7.2053  11.4162  10.0697  12.8659   9.0879   4.3540   3.2208   8.5096   5.7060  26.5085   2.0244  80.4828   4.2199   5.2914 
25  11.2191 311 -28.6804  -6.1593  -0.9164 -13.6289 -19.7137 -12.3247  -9.7615   4.2375   0.7269   6.7575   3.9195  -9.0392 -10.6398   2.3496  -8.5139 -13.5090   6.3867 -13.7646   5.3827 -10.0498  -4.1709   8.1363 -10.8371   7.4767   1.8468  10.1915  -8.2050   6.3385  -9.7873   6.2216   0.6856   7.4906   8.8097   2.2335   1.2775   6.0937  15.4933   1.5719  69.8080   6.6213   8.1322   2.9200   0.7556   8.6317   4.1061   7.9059   6.6316  12.9163   9.2833   3.5967   2.2740  15.6704   7.3550  21.3892   1.6453  76.7258   3.0419   6.0673 
26   9.6937 318 -29.0779  -6.2039  -0.4793 -13.3571 -19.6544 -12.2865  -9.4010   4.4036   0.8129   7.3568   3.5017  -9.6987 -10.9583   2.4883  -8.8569 -13.0295   5.9354 -14.1084   5.7828 -10.0320  -4.6317   7.9941  -9.9963   6.5715   2.4294   9.7442  -7.5501   6.2561 -10.3506   5.9038   0.9723  10.4105   7.3551   2.9930   1.7578   5.4817  12.0588   1.6332  60.5632   4.6508   5.5732   4.6823   0.5212   6.8791   3.5435   6.4109   5.0363  10.2627  12.2293   3.5053   1.7362  14.8518   5.4811  18.4804   1.4222  58.5772   2.4222   5.7229 
27  12.8010 250 -30.8567  -6.6761   0.0291 -14.9642 -21.0430 -13.1774 -10.0144   4.3672   0.9394   7.1368   4.0066 -10.6368 -10.8799   2.4743  -9.8769 -14.2756   5.7640 -15.0505   5.6524 -10.5019  -5.4948   8.4976  -9.6359   7.8396   2.4685  10.2389  -7.5772   6.6519  -9.9793  12.4256   0.9029  13.1593   7.8205   4.6942   3.2093   4.9332  10.6822   1.5529 107.5030   3.5240   5.8076   4.5718   0.4960   8.0905   4.1491   8.0991   5.6343   9.3122  11.1730   5.1858   1.8152  18.1114   5.0608  16.6106   2.4378  84.8062   2.4700   6.9896 
28  15.8550 277 -35.8390  -7.8963  -0.4287 -17.4844 -23.4359 -15.2349 -11.1132   5.1257   1.2476  10.5589   4.0958 -12.3233 -11.4788   3.0123 -10.2142 -15.7863   6.7417 -17.0420   6.0652 -10.8599  -6.4275   9.5233  -9.6867   8.8761   3.3351  11.3145 -10.3914   6.9182 -11.1979  43.7764   2.3990   8.5457  16.7323  17.2684   9.7032   9.8062  11.3729   1.4997 107.2551   4.3340   9.8592   7.3085   1.0319   7.8176   8.6436  10.2078  13.6493  13.4767  15.1781   6.7840   3.3292  17.6146   6.0982  13.0530   4.2951  72.3826   3.8095  12.5625 
29  13.6542 290 -36.4238  -8.2339  -1.6022 -18.7577 -22.5511 -13.9599 -11.7734   4.4199   0.7461   8.8076   4.2914 -11.8906 -12.0439   2.6793  -9.8148 -15.6089   6.6624 -17.6473   5.9651 -13.5475  -6.1307   9.4501  -8.4399   9.0368   4.6102  11.7918 -10.2622   6.7866 -12.6283  45.6118   1.1579   5.9056  16.3654  18.7526   7.3497   9.2577   9.4144   2.9123  71.7326   3.3958   7.6111   5.2422   1.4222   6.8350   7.1260   7.2692  14.0121  16.9496   8.9205   6.6131   3.1223  17.6179   5.3213  13.6153   3.8563  60.2610   3.0966  15.2242 
30  13.8100 266 -40.0741  -8.8225  -1.0614 -19.8093 -23.2252 -14.4383 -11.8252   4.8076   0.0702   9.0195   4.7441 -13.0283 -13.1995   2.9873 -10.2006 -16.4178   6.8296 -18.5976   7.4014 -14.5597  -6.7769   9.9948  -9.6039   9.8172   5.0179  12.5609 -11.0768   7.0707 -13.3998  52.6877   1.5347   5.5253  16.0979  33.2271   6.7608  14.2029   5.1986   2.3304  41.5374   4.0864   9.6499   4.9033   1.0083   7.9614  12.1579   5.0543  10.5803  30.2187  10.1343   3.8372   3.5822  17.0751   8.0564   8.5938   4.1592  54.1816   3.6276  22.5181 
31  14.3070 288 -41.0189  -9.3497  -0.5194 -20.2557 -23.2512 -14.5439 -12.6278   4.8293  -0.1288   6.9077   4.5797 -12.2335 -13.2864   2.8374 -10.4721 -16.6112   6.9849 -19.2963   7.8680 -14.2274  -6.7009  10.0744 -10.6196   8.6032   4.1675  12.7373 -11.2976   7.3444 -12.9434  42.7668   1.0818   2.8344  12.9126  25.3533  12.3586   9.3057   6.5702   2.4644  65.4804   3.5235   8.8790   6.9835   0.8156   9.5565   8.0403   4.7417  11.8097  33.8753   8.3201   2.1684   4.2553  14.5728   9.2441   7.8023   2.6540  68.7553   3.5097  24.2677 
32  12.9620 306 -41.6166  -9.3997  -0.2599 -19.4525 -22.3419 -15.1796 -12.6430   4.6590   0.1492   8.0833   3.9865 -12.3207 -13.3546   2.7196 -10.6947 -15.9940   7.1969 -20.0846   7.9625 -13.8106  -6.5901  10.6284 -11.9640   9.8482   3.6449  13.1629 -10.5887   7.2989 -11.1359  23.6163   1.1416   2.5832  11.5845  28.3286  11.3054   8.0352   5.3134   2.0215  64.2220   2.7450  11.4323   5.0223   1.5267  10.3886  11.5337   3.0209   7.4587  27.1575  13.2504   1.3796   3.9577  15.9338   8.5752   4.2628   2.9143  59.3945   3.4516  24.3410 
33  13.7442 300 -41.1002  -9.6977  -0.6699 -19.3361 -22.4686 -15.0875 -12.2917   5.4592   0.6868   8.5209   3.3760 -12.4313 -13.4553   2.9776 -10.9197 -15.3181   7.2591 -19.7773   7.3499 -14.7098  -6.3212  10.7405 -13.6381  10.4267   3.5841  12.9199  -9.6304   7.2414 -12.5582  27.5900   1.2464   2.1338   9.3767  27.3620   8.2959   6.8436   5.4068   1.9357  82.6943   2.4482  10.9617   3.3709   1.7508  14.9136  12.7296   2.6476   5.5013  26.5408  16.8376   1.7489   4.5439  14.6478  13.1627   3.0797   2.4223  58.7302   4.1578  25.5000 
34  13.1744 320 -41.7542  -9.7845  -0.7941 -19.6217 -22.5724 -15.3933 -11.6497   5.3232   0.6014   7.5861   3.2564 -11.8783 -13.6571   3.2427 -11.2041 -16.3121   6.8686 -20.2891   7.1106 -14.3903  -6.5447  10.7255 -13.7700  10.2771   3.5246  12.8730 -10.5139   7.0445 -13.0931  16.5184   0.6267   2.3962  10.0330  20.7523   5.6179   4.2842   5.8938   1.2342  92.0538   2.2187   7.9935   3.1784   0.9982  20.7286   7.8154   2.0770   4.8800  27.3849  17.3865   2.3040   4.8301  16.0831  14.3195   3.2449   2.0209  54.1658   2.4585  28.5590 
35  13.9537 316 -45.4354 -10.2724  -0.4794 -22.3382 -24.1246 -16.4697 -13.0139   5.0683   0.5809   7.4350   3.6851 -12.0759 -14.7366   3.5149 -10.8489 -17.8812   7.4783 -21.3620   6.9179 -15.6121  -6.5549  11.4654 -13.9418  12.3552   3.5586  13.7805 -11.0555   7.4492 -15.7670  26.0416   1.2912   2.0503  19.5818  28.0729   6.0024   5.2807   7.2554   1.0801  79.1764   2.0182  10.6288   4.1480   1.0542  19.0129  12.5200   1.8565   8.5224  27.7981  18.0447   3.1979   6.0431  13.7019   8.7873   3.1040   2.9773  60.3733   2.8788  22.1577 
36  12.5806 265 -46.4013 -10.9698  -0.5032 -21.1172 -23.3712 -16.5228 -12.6245   5.4559   1.0355   8.1394   3.7484 -11.2714 -15.8697   3.6781 -11.5185 -17.6506   7.5456 -20.9790   8.0955 -15.1155  -7.1954  11.2569 -13.8172  12.5840   3.0810  14.5481 -10.4090   7.6026 -15.7462  21.1282   1.2485   1.6132  15.1710  18.9918   4.2937   3.3542   7.7147   1.1410  66.8853   1.1305  14.2547   3.3898   1.4901  35.0435  13.0368   1.5693  11.6823  20.2708  16.6700   3.0618   5.1968   8.6456   5.0636   3.6111   2.7281  60.0070   2.9384  13.5042 
37  11.7798 317 -46.3989 -10.8834  -0.3990 -21.8968 -23.6615 -17.1395 -12.2793   5.1109   0.8415   5.6050   4.0437 -10.1862 -16.0029   3.4951 -12.5741 -17.6877   7.0685 -21.2520   6.5785 -15.5238  -7.2925  10.5406 -14.0205  11.9153   3.7164  14.8245  -9.2238   8.1042 -16.6392  28.8690   1.2563   1.2590  11.0719  15.6654   3.1596   2.7169   8.3818   1.0809  66.7446   1.1181  15.7783   3.2452   0.9002  21.4676  10.7508   2.0738  12.1118  14.9318  15.2769   2.7155   3.4874  10.0816   4.4694   2.0351   3.3896  60.0106   3.2192  14.3467 
38  10.4385 288 -47.2172 -10.5488  -0.4139 -21.9503 -22.7678 -17.2614 -12.5313   4.5894   1.0044   3.7233   4.2599  -9.3655 -15.5990   3.5250 -13.4643 -17.0339   6.8449 -19.0955   6.8060 -15.6882  -7.0951  10.7025 -12.7628  11.8542   3.5056  14.7985  -6.1946   8.0635 -16.2549  18.5796   0.8686   0.9713  12.3394  10.9052   3.0816   1.8651   8.0456   1.1738  50.4013   0.8462  12.1298   3.0138   0.5476  16.6558   9.7995   1.3688  10.1594  18.8518  14.1090   3.7928   2.6332   6.9384   3.5721   2.1421   2.0660  68.3101   2.7738  14.7747 
39  10.8250 320 -46.5034 -10.2187  -0.5019 -20.6453 -22.5015 -17.3926 -12.7329   5.0830   1.1465   2.0124   4.2199  -9.5070 -14.9961   3.2880 -12.2403 -16.6346   7.2225 -18.1074   6.1857 -15.6647  -6.8470  10.8113 -13.1047  12.0369   3.5326  14.6685  -6.2775   8.1363 -14.2872  20.4192   0.6929   1.2275   9.5847   6.1225   2.5944   2.0101  11.9631   0.8592  61.6196   0.8265  11.1699   3.2617   0.4278  15.9584  10.2134   0.9768   6.9937  17.0221  30.0753   3.0249   1.3709   4.7433   4.0538   1.8140   1.5099  64.9835   3.8829  14.5230 
40   9.1888 288 -46.3680 -10.4979  -0.4906 -20.4651 -22.0078 -17.1840 -12.3832   6.5929   1.0047   1.2133   4.1491 -10.2858 -14.4758   3.1269 -12.5937 -16.1381   7.2163 -18.0652   6.3392 -16.3170  -7.3934  10.8447 -13.0514  11.9500   3.7642  13.9878  -4.4791   8.2527 -14.4216  20.2294   0.5995   0.9127   6.3301   6.9166   2.1636   2.1898  11.8713   0.6364  48.2056   0.6976   8.2467   2.5682   0.2562  10.9079   8.9444   0.7007   5.2612  17.7376  25.5682   2.5096   1.2255   3.2236   4.3332   1.6720   0.9755  51.9560   6.2365  13.3989 
41   7.4002 350 -47.6295 -10.4065  -0.4165 -20.0268 -21.5300 -17.3237 -12.0749   7.1339   0.8907   3.5988   4.0343 -10.3801 -14.6349   3.0935 -11.7107 -16.3761   7.4328 -18.1643   5.9995 -16.5828  -7.0303  10.7764 -12.6972  12.1781   3.5905  13.7924  -2.7628   7.3585 -14.1141  14.5161   0.3829   0.5969   4.8354   5.0542   2.3824   1.5515  16.5889   0.6297  29.4319   0.5120   5.8120   1.8375   0.2359  10.5533   8.4472   0.8465   4.2613  14.1785  18.1511   1.8910   1.0926   3.7751   2.7049   1.8550   0.8317  40.6548   5.9453  15.0503 
42   7.4799 326 -48.5583 -10.3488  -0.3440 -19.4831 -20.9686 -17.2872 -11.8476   8.3694   0.7818   2.7713   4.0577 -10.5727 -14.7497   3.1961 -11.6401 -16.0490   7.2819 -17.9536   4.7571 -17.0670  -6.3138  10.6280 -12.2307  12.0017   3.1641  13.8456  -4.2167   7.5237 -14.3750  21.6213   0.3827   0.4130   4.1963   5.7079   1.7767   0.8663  12.7253   0.4255  21.5904   0.4891   4.4800   1.9098   0.1813   9.4663  10.0828   0.5182   3.1177  11.4201  33.5553   1.5635   1.0530   5.0019   1.8417   2.1324   0.6311  39.3747   3.8704  16.5212 
43   6.9342 309 -49.0447 -10.2308  -0.3772 -19.7060 -21.4560 -16.9281 -11.7424   7.6899   0.7258   4.2404   3.9914  -9.5077 -15.0131   3.1796 -11.7480 -16.2923   7.0391 -17.9328   4.7854 -17.0229  -6.4862  10.4061 -12.6241  11.6878   3.5128  14.1170  -4.1101   8.3350 -14.2928  25.8382   0.3916   0.3438   3.9438   8.3812   1.2918   0.7039  10.0225   0.4578  19.2348   0.3704   3.3869   1.6569   0.1249   9.5355   7.1308   0.4345   2.6772   9.2257  43.3803   0.9527   1.1352   3.1134   1.6765   1.2356   1.0020  30.3455   3.7204   9.3769 
44   6.4358 289 -48.7712 -10.2444  -0.4295 -19.8274 -21.6239 -16.9574 -11.5943   7.8109   0.6399   3.6740   4.1568 -10.0008 -15.2718   3.2488 -12.1415 -16.1326   7.0149 -17.7420   4.9970 -18.4419  -6.5602  10.3655 -12.8478  11.6043   3.4177  14.3145  -4.7641   7.8425 -14.9147  25.0329   0.2497   0.3454   2.8440   9.9919   1.0121   0.6870   9.2695   0.4230  17.5452   0.4566   3.2539   1.0564   0.0905  11.0185   5.6634   0.2586   1.4803  12.0440  35.0941   0.9755   1.1696   2.5273   1.3628   0.8692   1.2079  32.0269   2.4973   6.1855 
45   5.5967 302 -48.3639 -10.1023  -0.3595 -19.6479 -21.1939 -16.9685 -11.6395   7.7093   0.7739   4.6548   4.1056 -10.2223 -15.4069   3.2521 -11.8687 -15.8784   7.0906 -17.7841   4.9223 -17.4013  -6.4384  10.5743 -13.4529  11.7020   3.5048  14.4606  -4.9413   7.8639 -15.0745  16.7521   0.2493   0.3171   3.8561   6.2256   0.6055   0.7499   6.6713   0.3962  16.4116   0.4977   2.8565   1.0718   0.0698  11.7557   7.4803   0.3271   1.2718  10.8155  37.2007   1.5040   0.8499   1.8256   1.2829   0.7786   0.9861  21.7699   1.4684   6.2587 
46   6.4985 300 -50.8400 -10.7755  -0.3976 -20.5461 -22.3751 -18.0882 -12.2008   8.3147   0.8397   4.8337   4.0566 -11.2670 -16.6316   3.4481 -12.8189 -16.4198   7.2396 -18.8928   5.3507 -18.7285  -6.3436  11.2516 -14.2235  12.0238   3.6379  15.4518  -4.7907   8.2527 -15.5444  30.0517   0.9017   0.4933   7.3221  12.1323   2.4929   2.0460   6.5052   0.3329  10.8826   0.7899   3.7049   2.8599   0.1723  10.7154  10.6707   0.5598   3.0122  11.2217  28.9134   1.8261   1.5616   2.9730   1.9367   0.8407   2.1547  21.2883   1.7551   8.3388 
47   6.0083 303 -52.1469 -10.5280  -0.4702 -19.6190 -22.0651 -17.9083 -12.2795   8.4498   0.7856   4.3737   4.0890 -11.2541 -17.0421   3.4175 -12.9172 -17.3229   7.1321 -18.8351   4.9470 -19.5970  -6.2658  10.8661 -14.3732  11.5948   3.5276  15.3534  -4.6125   8.9427 -15.5037  19.1774   0.6529   0.3951   8.3928   7.6313   2.1521   1.7815   5.9507   0.2868  12.1862   0.6667   2.5144   2.5213   0.1369  11.1175  11.8272   0.3408   1.5191  13.7472  34.2158   1.4261   1.4853   2.9366   1.5929   0.8080   2.0344  15.7108   1.6180   9.4156 
48   7.2859 303 -55.4460 -10.9853  -0.3729 -20.9474 -22.4082 -19.0965 -12.7043   8.4930   0.8232   4.5388   4.6102 -11.9642 -17.8839   3.6879 -13.0248 -18.8828   7.6553 -20.2274   4.8116 -22.0413  -6.1029  11.5812 -14.8521  12.4707   3.8601  16.5073  -4.9404   9.6494 -15.2353  42.1789   1.3864   0.5683  11.9047  11.6870   3.1973   2.4840   4.6204   0.3292  13.6224   1.0791   3.0639   6.0271   0.1953  11.9740  10.3820   0.6622   3.8095  14.2551  26.1619   1.6341   1.7646   4.3892   3.2729   1.0255   3.6216  13.3890   2.1514  10.4536 
49   7.8169 333 -53.9351 -11.1807  -0.4222 -21.6601 -22.1557 -19.1315 -12.3827   8.6522   0.8437   4.7267   4.2391 -12.2344 -17.9739   3.6628 -12.9462 -18.7273   7.6085 -20.3189   5.4911 -21.2659  -5.9567  11.8956 -14.6280  12.6968   3.6711  15.8578  -5.7603   9.5928 -14.7099  55.7440   1.4183   0.5405  11.4187   9.8985   2.4899   1.6539   4.7922   0.2568  10.9726   0.8627   2.4953   4.8211   0.1975  12.5908  20.7078   0.4134   2.3791  13.9192  24.2963   1.5650   1.9047   3.5060   3.2302   0.7756   6.1533  13.3030   2.2017  12.1813 
