10 20 29
0  90.3045 69  -6.8883  -2.5333  -1.5119  -4.4133  -6.8516  -4.8647  -4.2840  -0.0850   1.3025   0.6187  -2.8539  -5.1329  -1.0963  -2.3815   0.2977  -0.0402   0.3013  -2.3870  -1.0806  -3.1006  -0.7324   4.1890  -0.4484   3.5541  -2.3018  -0.1676   0.5467   3.7581   0.0588  59.3795  89.8012  99.9475  74.8590 111.7582  55.4133  64.3624  88.9385 127.2297  96.0791 149.4470  54.3316  63.3228  76.2168  93.1860 110.6126 129.8123 114.7591  53.4917  76.8403  74.0929 119.3715  76.6390  79.8163 105.1246 106.0721  93.7198  79.7424  94.4620 
1  70.9234 133  -9.8120  -5.3072  -2.1707  -8.1760 -10.6179  -7.3127  -7.2493   0.1424   4.8849  -0.4882  -5.5766  -6.4489  -2.0881  -3.7297  -3.0341  -4.1850  -0.9028  -2.4167  -3.3049  -4.9520  -1.9790   4.2050  -0.2772   2.6495  -4.2971   2.0999   0.0658   4.2005  -0.4336  42.2340 113.2654  90.2018  41.3942  83.3943  29.8951  33.0192  74.5040 100.6399  74.5968  87.4005  38.5551  56.3173  76.9751 115.7003  87.6383  77.5682  73.8232  63.9821  83.7645  73.8703  76.7316  68.0813  47.1919  95.2063  91.8203  60.0593  41.8404  57.1069 
2  62.7124 101 -13.4779  -7.6390  -3.4806  -9.6210 -14.9033  -8.5174  -7.0783   1.3397   5.9556  -2.0463  -3.7896  -6.1249  -1.5952  -3.0182  -5.9975  -8.3536  -1.2266  -2.8811  -2.7586  -5.6287  -2.7863   2.2067  -0.0824   3.4912  -3.9962  -0.7464  -0.5159   4.1016   1.3019  30.1959  92.3117  93.1417  50.7261  71.6666  24.9140  29.2579  64.1811  81.2180  42.0068  87.7700  26.9264  90.6513  58.1574  88.0173  58.2788  57.5773  56.4102  51.8461  98.2240  92.2218  62.7487  56.7693  51.5862  94.1869  64.3426  55.8087  50.2256  37.2897 
3  54.8637 144 -15.2541  -6.6570  -5.2761 -10.1029 -19.1241 -10.4837  -7.5040  -0.0219   6.2796  -2.2307  -3.4063  -5.8051  -1.3972  -4.6258  -7.9014  -7.8763  -2.8692  -3.0868  -1.5233  -4.1776  -2.3932   5.5038  -1.8897   3.1820  -3.8740  -0.1749  -0.7467   4.7888   0.0589  29.7959  86.5190  44.3959  35.5344  50.0145  21.9095  25.6509  53.9795 113.7197  37.5136  62.7784  18.9846  76.6330  54.1574  72.0074  37.6529  52.9628  51.8688  64.1955  80.6661  79.0527  42.1331  53.6326  95.6674  71.4629  47.9884  47.8130  34.5590  47.7968 
4  46.3081 206 -15.6165  -8.7246  -5.1878  -9.6972 -20.4062  -9.6558  -7.6807   0.2577   6.9449  -2.2302  -4.2359  -5.6244  -0.8486  -5.6437  -6.7644 -10.2351  -5.3388  -2.9654  -0.8261  -6.4435  -4.9198   5.2728  -1.7621   3.5639  -5.1723   1.0848  -1.3271   3.8675   0.7083  32.5126  81.4685  36.7168  24.0082  29.1128  11.0753  23.0617  54.9894  64.2961  24.2775  40.2639  13.7062  56.3861  25.7474  72.2723  36.8341  39.9971  89.7820  51.6648  53.6335 112.8450  29.6542  67.5407  88.6175  43.2796  38.6409  32.5228  27.7635  40.2642 
5  38.3702 194 -17.0362  -5.6224  -6.7985 -10.2351 -19.5611 -10.2047  -8.5463   0.8939   6.4114  -4.0264  -4.9979  -5.0411   0.3218  -5.9485  -6.5924  -8.7959  -6.9720  -4.3692  -0.4598  -4.9789  -6.7841   6.1606  -0.8795   5.2114  -7.0232   1.5707  -1.0753   2.4555  -1.3985  19.7142 116.7601  38.5496  15.8784  20.2573   9.8044  15.9385  60.4805  34.3028  22.8819  29.7212  10.2491  50.0736  26.3790  58.1054  43.2190  30.3580  44.6070  36.7159  65.2503  63.2632  17.0740  64.8035  66.8788  28.4101  34.3616  35.4685  20.5100  32.7202 
6  33.5214 247 -18.0819  -4.8438  -6.9949 -10.3593 -19.6695  -9.7272 -10.3907  -0.5462   5.1410  -4.7271  -4.2752  -4.8598   0.8490  -6.9011  -6.3777  -9.8184  -7.5136  -2.7059   0.6334  -7.0939  -7.2951   5.7417  -0.7826   7.0303  -8.3745   3.4424  -1.1126   2.1552  -0.1944  12.3046 131.9041  34.8809  10.0524  18.4815   9.0678  17.3637  43.8370  28.0910  24.0526  26.3075   6.6523  46.0413  17.5700  47.8755  36.0339  17.9492  35.4477  21.6272  57.3339  49.2257  24.1036  76.1648  61.1274  27.7384  25.9214  27.4642  15.3871  22.1136 
7  29.9680 199 -19.8376  -6.5987  -6.1659 -10.7400 -19.6537 -10.7281 -10.0491   0.1111   5.9711  -4.7332  -4.4265  -5.0127  -0.7962  -7.4601  -8.3240  -8.7911  -8.4113  -2.1173   0.0967  -8.7736  -6.4450   6.1394   0.4960   8.7822  -8.4294   4.2513  -0.5211   0.9596  -0.3045  11.0395 120.6344  25.0980   8.2883  14.7635   6.5819  12.2889  40.1634  24.4918  17.8777  28.6077   7.9887  32.4513  10.2538  59.0095  32.9634  29.1755  23.2955  11.1556  65.0886  41.1559  15.2832  63.0194  61.3871  25.1046  24.4195  26.3363  14.0403  17.1075 
8  28.9377 213 -21.1441  -5.6220  -5.6000 -11.9045 -23.4395 -12.1873 -11.2645   2.1350   6.1778  -6.0072  -5.0350  -5.0100  -2.1365  -7.9924  -8.9015 -10.4783 -10.1406  -2.7736   0.3774  -7.8320  -6.8436   7.1454   0.7745  10.9647  -9.3679   5.8243  -1.4985   1.2854  -1.2876  22.0467  95.6843  43.1035  10.9171  27.5750  11.1983  13.3063  35.0651  27.7444  13.3605  19.9537   7.6462  28.9721  10.3249  46.8430  37.0202  35.0757  18.5281  10.4599  67.0444  42.8906   9.9249  56.6206  51.4686  18.7801  21.5860  21.1317  16.3474  18.5748 
9  28.0535 255 -21.5393  -6.0542  -5.6465 -12.4747 -25.5170 -12.4467 -11.8073   2.7581   7.5973  -6.6320  -5.8658  -5.0748  -2.1110  -8.6314 -10.6194 -11.5518 -11.6654  -3.5110   0.5899  -8.8955 -10.7321   7.3521   1.3501  11.7477  -9.8005   5.9344  -1.6004   1.1448  -1.6103  22.3052  94.7955  44.0948   8.0475  25.7548   9.1471  14.3168  45.9928  26.1725  19.3723  13.9913  13.2201  39.9625  15.1331  34.8948  38.9914  22.4515  16.8082   9.3117  49.7798  42.9798  11.9291  41.6894  43.8072  28.8221  18.0074  20.8715  20.7932  20.1093 
10  24.8281 222 -23.9828  -7.3858  -5.0862 -12.1275 -26.6335 -12.6035 -11.1935   2.6949   7.5076  -7.7481  -7.0802  -5.5161  -0.9375  -9.0002 -11.2268 -11.8475 -10.9228  -3.4426  -0.3643  -8.9107 -12.6420   7.8934   2.2996   8.5410 -11.0547   7.2300  -1.6390   0.8803  -1.8450  23.7791 117.9034  39.2864   9.6624  18.9209   9.4108   9.2862  27.3783  26.0144  14.1354   8.3360  16.2114  26.9122  10.2894  23.5715  35.2045  23.0896  10.4165   7.5593  28.6341  44.6719  11.6962  48.7087  27.6836  27.0290  14.8468  23.4165  18.9164  17.0436 
11  20.5297 239 -24.4793  -4.3415  -5.1825 -12.0517 -26.7767 -12.8851 -11.1850   3.0531   7.4619  -7.2692  -7.5778  -5.4770  -0.5557  -9.1348 -10.2081 -13.7440 -10.5402  -3.5310  -0.2872  -8.8179 -14.0890   8.3729   1.0212   7.1738 -12.3686   7.4589  -0.9574   2.0805  -0.5940  14.7086  99.6739  27.7071   6.4285  21.5146  11.2787  11.1538  24.8099  21.5436  12.6519  10.3418  14.5139  29.7165   7.9331  11.9624  18.7766  22.9083  10.4724   7.1721  19.4978  35.2598   7.1859  29.9643  22.4651  24.9923  11.5983  25.6976  12.1702  21.2634 
12  17.9391 279 -24.3878  -4.6549  -3.8218 -12.6915 -27.0229 -13.6533 -11.6689   3.4925   7.3981  -8.3595  -7.9385  -5.6822   0.2084  -8.7560 -10.6515 -14.2280  -9.7138  -3.8279   0.6709  -8.5240 -12.6641   7.2972  -0.6501   6.6307 -10.2961   8.2268  -0.8405   2.4473  -0.5876   8.7923  73.5470  21.7125   6.4027  15.9216  10.2731   8.3633  20.2742  16.8192  15.2793   7.4329  16.2164  17.4717   8.8038  13.6133  19.5017  23.9155  10.4154   8.7204  17.1292  31.8941   7.3614  36.7255  18.3338  22.7685  10.5544  18.9069  14.7167  18.3683 
13  17.8330 269 -25.3383  -2.6428  -3.9563 -13.9014 -29.1874 -15.7150 -12.5631   1.4638   7.2286  -7.5343  -8.5976  -5.5841   0.3201  -9.3661 -10.6849 -15.6459 -10.8543  -4.9378  -0.0177  -8.6327 -14.6561   6.9500   1.5056   8.3084  -8.6655  10.1757   0.0859   3.3304  -0.0906  12.8863  70.1609  20.9917   6.1824  19.6292  10.0913   9.9958  11.4111  14.1287  19.0623   7.0737  13.7711  16.9573  10.5099  16.2099  23.1899  21.4129  10.5072   9.6212  16.8936  32.4736   5.6885  24.5975  23.3472  35.4033  10.2263  14.1811  15.5199  15.0325 
14  17.1411 353 -26.7046  -2.7749  -5.0120 -14.4464 -28.0495 -16.1766 -11.7218   1.8809   8.8283  -7.3579  -8.6433  -4.5746   0.1414  -9.4973 -11.6208 -16.2852  -9.2081  -4.4470   1.4053  -7.5142 -12.4880   6.7762   2.3280   7.1088  -8.0123  10.6253   1.3085   3.5749  -0.6472  11.0685  68.8182  29.8365   4.8455  17.0028   8.8683   8.2407  15.5764  13.0621  17.5617   8.9464  10.4997  16.5665  14.9466  29.7485  23.8394  22.1560   7.0993  16.3023  11.8742  24.5823   6.1235  21.6556  19.4651  22.4069   8.8224   9.0966  13.0154  15.0633 
15  16.7962 252 -26.1303  -3.6219  -5.1430 -14.2239 -28.2868 -15.3075 -11.7213   2.3678   8.6997  -6.9501  -8.7098  -5.1249   1.8646  -8.1579 -12.7486 -16.4299  -9.7087  -4.7118   1.2117  -7.8873 -12.8078   7.1816   2.4237   6.6859  -8.8904  11.2300   1.0415   3.8859  -0.0506   8.5642  62.5715  28.3382   4.5932  15.7059   8.3747   8.9605  12.1443   8.0749  11.2277  10.4681  10.9847  17.3767  13.2998  32.6079  28.1756  28.2486   9.7359  24.2011  11.6372  17.7596   4.0608  21.4697  16.5683  19.6450   7.3634  19.0863  13.6956  12.1490 
16  15.5213 220 -25.8651  -6.8101  -5.3015 -14.0380 -28.4297 -14.8015 -11.3202   2.2877   9.0083  -6.1284  -8.7144  -4.8935   1.9998  -7.0839 -13.8819 -15.4704 -10.9191  -4.1443   0.3941  -9.3336 -12.6334   7.0843   2.7526   6.1793  -9.8171  11.3450   1.5099   3.1715  -0.3355  11.0824  56.0584  14.7543   4.3728  25.1949   7.5040   7.3579  11.0725   5.4107  11.3387  11.8045   8.6344  15.2846  10.7601  30.3521  31.6949  20.7403   7.6139  25.8017   9.6445  16.9068   3.7447  21.2259  19.3717  15.0716   5.7292  13.7167  18.5991   9.2746 
17  12.7207 276 -25.7445  -5.0356  -6.6763 -14.3478 -27.3255 -13.7606 -11.6648   3.2549   9.3867  -5.7831  -9.4212  -5.3577   0.8232  -6.2625 -14.1043 -16.2797  -9.7292  -4.6976   0.8314  -9.5594 -12.4720   7.4111   2.0084   7.3511  -9.7629  11.1884   3.0455   3.9725  -0.3294  11.0149  39.1145  11.6687   4.5565  22.3467   4.0576   7.0509  17.9272   6.9786  12.8235   8.3854   6.0945  12.3027  13.3765  25.7814  16.6554  13.9694   4.3180  20.1751   6.3355  12.2277   3.9550  17.7313  16.7769  11.2635   5.5884   9.0954  19.7280   7.6026 
18  11.6674 264 -26.7041  -5.5733  -6.4322 -14.6104 -27.6887 -14.1320 -11.6410   5.0648   8.9718  -5.3885  -8.9433  -5.5179   1.5741  -6.6825 -13.7665 -15.8807 -10.0563  -4.5573   1.3548  -8.9275 -12.5368   6.9101   1.5782   8.1000 -10.1870  11.0949   3.5659   4.5782   0.4371  10.0397  24.9605   6.6589   4.4029  17.8318   3.7503   6.8311  15.0459  10.7611   8.1779   9.3435   8.2612  12.9291  12.0724  24.5280  17.4954  13.2147   7.2403  21.1848   4.4471  13.6507   4.2949  16.4385  14.5098  11.9980   5.3931   7.2669  18.3911   7.2338 
19  11.1126 319 -26.8098  -5.6619  -6.7798 -14.7134 -27.5562 -14.1786 -11.1480   4.6175   9.4001  -5.0905  -9.1138  -5.9379   0.6002  -6.3129 -13.7768 -16.1770  -9.9359  -4.3594   1.3990  -9.4364 -12.5819   6.9466   2.5562   6.7000 -10.3704  11.2462   4.5374   4.8396   1.2316   8.9678  27.0016   4.3931   4.6374  15.5038   2.6206   6.7878  12.5978  12.3093   8.1907  10.0188   5.3731   9.5674   8.8373  24.0876  15.1600   9.6306   4.4765  25.0174   4.4714  13.5628   3.6473  18.7755  24.7213  11.4243   3.5505   6.9014  13.9953   6.0386 
20   9.6490 231 -27.0931  -3.5100  -7.2202 -15.3092 -27.6749 -14.3597 -10.9744   3.9885   8.6768  -4.3429  -8.2941  -6.5934   0.0660  -6.0746 -14.9932 -15.4936  -9.9583  -4.3907   2.9274  -9.2177 -12.8262   6.7563   2.1501   7.4134  -9.3227  11.2183   5.1072   5.5284   1.0504   7.9825  21.7625   2.6812   3.1823  13.2131   2.1089   7.0964   9.4237  10.1660   6.5425   9.6935   5.6058   9.8234   6.2127  21.0026  12.2132   8.5997   6.5905  21.7943   4.4340  14.7419   3.2391  17.1401  14.6203  13.9052   1.9864   6.2653  13.4791   4.3162 
21   7.8879 282 -26.5919  -3.7205  -7.2058 -15.6471 -27.3013 -14.4786 -11.2668   4.6013   8.4412  -4.8999  -6.4711  -6.9528   0.4367  -5.6880 -14.5246 -15.3531 -10.3461  -4.6991   3.5625  -8.8581 -12.6172   6.4637   3.0042   6.5740  -9.0414  11.5982   4.8068   4.8722   0.9611   5.6676  11.1519   2.5344   3.7148   6.9486   1.2376   5.3084  10.9280  10.8162   4.1190  15.2368   3.8677   9.3286   5.7667  12.5075  13.2685   6.5523   5.3466  17.1157   2.1104  12.2871   3.0068  13.7073  12.3942  10.8320   1.8713   9.3097   9.1892   2.6249 
22   7.4696 240 -27.7024  -4.3123  -7.4743 -15.9793 -27.6730 -14.6581 -10.8662   4.9979   6.6417  -5.1937  -7.5850  -7.0812   1.3513  -5.2256 -14.8055 -15.4415 -10.8590  -3.9189   3.1125  -9.1157 -12.4242   6.1709   3.2664   6.9865  -8.6426  11.4156   4.9515   5.2691   1.0121   7.8462  14.9933   2.5691   3.5196   5.7535   1.0249   4.1506  15.0279  11.0465   4.2611  12.8080   3.1589   8.6082   4.6887  10.1817  12.4790   7.9051   4.9244  17.9573   2.4454   9.8274   2.4117  11.9413  10.4770   8.7240   1.8083   6.3083   7.9098   1.8601 
23   7.6051 287 -28.2145  -4.4925  -7.9437 -16.8168 -28.9659 -15.6890 -10.9461   6.5247   7.2759  -4.8947  -7.7300  -7.6615   1.2270  -6.0975 -14.7773 -15.9563 -12.3740  -3.8365   2.3632  -9.9587 -12.4027   6.6974   2.9770   8.2969 -10.2236  12.1768   4.6082   5.2324   0.9276  15.3196  14.1586   3.0727   5.0317  10.3468   2.4504   5.8433  16.1807   9.9878   3.6169  11.0000   3.7882   7.7906   3.6770   9.3470  11.9883   7.6446   5.0589  14.9052   2.8853  10.5927   2.8725   6.5308  10.2922  10.4469   2.2180   4.3876   6.9601   2.1534 
24   7.2814 298 -28.0387  -4.5812  -7.5275 -16.5887 -29.6318 -15.9562 -10.8573   6.3165   8.5117  -4.9020  -9.6797  -7.7448   1.5706  -6.4431 -14.1488 -16.5881 -12.5374  -3.5313   2.4023  -9.8804 -12.4447   6.9010   3.0702   9.1291 -11.4332  12.2516   4.2914   4.9267   1.6199  11.1056  13.1327   4.2956   3.7863   9.8526   2.1020   4.6601  15.0291   7.0546   3.2240   8.2721   4.7117   6.4961   3.8747  12.2564  13.6138   7.8258   2.7727  16.9642   2.2843   8.9757   2.6540   9.1691   7.9942  14.9942   2.1187   5.2756   4.1369   2.5273 
25   6.8537 292 -27.6148  -3.7993  -7.3917 -16.3846 -30.3105 -15.8311 -10.5968   6.2069   7.7171  -4.3481 -10.7082  -7.6440   1.8278  -6.1814 -14.4540 -17.8502 -12.5750  -3.7911   2.9362  -9.9156 -12.5382   7.2596   1.7897   9.8090 -10.8451  12.5452   3.3508   4.2451   1.7680  11.4926   9.5100   4.6510   3.4634  12.1137   1.1096   2.5385  20.1606   6.8497   3.1108   7.8968   4.3046   5.1021   3.8415   8.0351   9.7498   6.1451   1.9197  15.6187   1.1868  11.2533   1.9121   7.2786   7.2496  19.5729   1.3978   5.1561   2.6038   3.5314 
26   6.5783 301 -28.1372  -4.3188  -7.6007 -16.0957 -30.3683 -15.6925 -10.5895   5.7954   8.0368  -3.9704 -10.5713  -8.3439   2.2742  -5.6932 -15.4485 -18.4792 -12.2724  -3.2410   3.4983 -10.0171 -12.3862   7.5364   1.7187  10.3315 -12.1492  12.3066   3.7292   4.5919   2.0145  11.4363  16.0990   3.6843   3.3337  12.7917   1.1214   2.9308  13.4131   5.4381   2.5624   4.9356   4.3344   5.9208   4.0004   6.5250   6.6232   7.2695   1.4414  10.7251   1.1535  11.9231   1.4852   9.6277   9.4883  19.0753   1.6421   6.9821   2.3636   2.4422 
27   6.2281 350 -27.8415  -4.6264  -8.0161 -16.4428 -29.6733 -15.6601 -10.4010   5.8484   8.0249  -4.0227 -11.3272  -8.1982   2.5514  -5.8175 -15.6844 -19.2332 -11.9588  -3.5656   2.6437 -10.1780 -12.6141   7.3957   1.3016   9.9472 -11.6991  12.1252   3.5335   4.7770   2.1020   7.1137  23.0341   3.1123   2.6921  10.4714   1.1546   1.5850  13.3594   3.8065   1.9838   3.8202   2.5448   4.5458   3.2224   4.1061   4.6573   9.9209   1.2400   6.6880   1.1758  11.5046   3.3405   7.9884   7.4028  25.9959   1.0053   7.3523   2.6780   3.1128 
28   5.8958 317 -27.6265  -4.8029  -8.0353 -16.3753 -28.3436 -15.8101 -10.3272   7.1859   8.1269  -3.8781 -12.0011  -7.9568   2.6789  -6.0569 -15.5242 -19.6128 -12.9865  -3.6241   2.7423 -10.5533 -12.4028   7.3721   1.4149   9.8640 -10.6979  11.9816   4.0802   5.0779   2.4270   4.2454  28.5154   2.2575   2.3716   8.7101   0.9478   1.1506  15.4182   3.1740   2.3995   2.1911   2.1703   3.6032   2.3149   3.8785   2.7489  11.9177   0.8567   9.5869   1.0028  10.8862   2.5175   6.0102   4.2469  26.3957   0.6630   6.6123   2.0787   2.1059 
29   7.0657 283 -28.9210  -5.5784  -8.4480 -17.8398 -29.7226 -16.4078 -11.0230   8.1871   8.4302  -4.1714 -12.9921  -8.5802   3.5044  -6.1648 -16.4438 -21.1705 -13.9844  -3.5372   3.0910 -11.0512 -13.6803   7.4287   1.6673  10.5578  -9.4777  12.8195   4.4822   5.7406   2.4992   8.0243  31.9329   2.1966   3.9928  18.5256   2.7337   2.0745  16.0735   2.9593   2.0218   2.7761   2.3525   4.7919   1.6912   6.3593   5.9161  17.8035   1.1577   8.8983   1.5987   8.6781   2.7502   6.8000   4.8303  26.5851   1.6480   4.8064   2.5287   2.3984 
30   6.2529 293 -28.8605  -5.8327  -8.7657 -18.1120 -30.6839 -16.0207 -11.2820   8.8509   7.9740  -4.5352 -12.5989  -8.3784   3.2779  -5.9525 -16.0875 -21.6040 -12.5917  -3.5365   3.1262 -10.9584 -13.5361   7.6552   1.8903  10.5897  -9.7623  12.9996   4.8850   5.8984   1.9778   5.5976  26.0018   2.6134   3.2585  15.6042   2.0592   2.2916  12.4686   2.3221   2.1657   2.9320   2.3079   3.4927   2.3456   5.7346   4.4335  13.4214   0.9924   9.2818   1.0707  10.9637   2.0132   7.8044   5.5083  25.9270   1.1907   4.0653   2.0340   1.4311 
31   5.9858 356 -29.6858  -5.0111  -8.4654 -18.4643 -31.7566 -15.9459 -11.4435   9.2348   8.1321  -4.9557 -12.5561  -8.5664   2.6082  -6.1605 -15.9739 -21.9141 -12.6579  -3.4027   4.0119 -11.0167 -13.5186   7.7792   3.1130  11.1226 -10.2331  13.0168   5.1280   5.9505   1.6458   3.4594  24.9255   4.1313   2.7098  15.9778   2.1942   2.6965   9.1380   2.0630   1.9583   2.8775   1.8605   3.4906   1.7613   6.1642   3.7840  10.1753   0.9058   6.2511   1.1466  15.0540   2.0847   8.9086   4.0698  27.2852   1.4419   3.4550   2.1069   1.5104 
32   5.7808 289 -29.0632  -3.1892  -8.5984 -18.3315 -31.1535 -16.3704 -10.9743   8.5989   7.9033  -5.1741 -12.3588  -8.4872   2.0269  -6.1880 -15.0379 -21.8349 -12.4837  -3.1395   4.3136 -10.9914 -13.3227   7.5470   3.4329  11.2902  -9.6096  13.4580   5.2831   6.1356   1.8058   2.0862  11.3819   4.5742   2.8458  15.3063   1.8971   3.4247   8.2791   2.5029   1.1774   2.4525   1.5233   3.5651   1.1572   4.5000   2.8410   7.7291   0.9051   7.6957   0.8003   9.2614   2.0514   9.3925   3.4186  47.2910   1.2171   5.7046   1.4656   1.1974 
33   5.5004 397 -29.1942  -2.9664  -8.4272 -18.4651 -29.9470 -16.0177 -10.6702   7.6485   8.3152  -5.2905 -12.4065  -8.4881   1.8347  -5.9618 -15.3190 -21.5531 -12.1818  -3.0045   4.1423 -11.3915 -13.3019   7.7080   2.9564  11.9345  -7.6033  13.4477   4.9940   6.3368   1.8314   2.1522  10.6225   3.6246   3.5997  13.3339   1.7204   4.2817   6.9353   3.2865   0.9915   2.4793   1.9184   3.1204   0.9182   3.6296   2.1015   6.7795   0.8835   4.6518   0.6607  11.2915   1.2678   8.3488   3.0058  44.3483   1.2945  10.0447   1.1935   1.0252 
34   5.0568 316 -29.4716  -2.8178  -8.6487 -18.7202 -29.6138 -15.8853  -9.8191   7.7333   8.3621  -5.3963 -11.8791  -8.1182   1.4437  -5.9390 -15.4305 -21.4980 -12.2180  -2.8723   3.9950 -11.4481 -13.6429   7.8870   3.0097  12.2782  -7.4456  13.4332   4.6171   6.3597   1.7417   2.8683   7.0298   5.5775   4.8333  13.0722   1.1796   3.2645   5.9106   2.3063   0.6859   1.8546   1.1977   2.6933   0.5625   3.7971   2.2512   5.2772   0.7779   4.0889   0.6633   8.6075   1.0855   7.1067   3.5715  39.7697   1.4377  13.2872   1.0890   0.8015 
35   5.4547 293 -29.3240  -3.1072  -8.3878 -18.9104 -30.3810 -15.8770  -9.3237   7.9820   8.5124  -5.2750 -11.8678  -8.2410   0.6704  -6.0186 -15.7376 -21.4483 -12.6205  -2.9628   4.3903 -11.3327 -13.5962   7.7168   2.9871  12.6905  -9.4722  13.5027   4.9004   6.0197   1.7506   3.4074   7.5586   5.6277   3.8547  11.3050   0.7156   2.4375   3.1915   1.6274   0.4937   1.4881   1.0885   3.0473   0.4283   2.6980   1.7142   4.0271   0.5498   3.9688   0.8106   8.2642   0.9304   6.0726   2.7561  59.8472   1.5685  17.2517   0.9627   0.4935 
36   6.8533 307 -31.2441  -2.6310  -8.1227 -20.4178 -32.0069 -16.8505 -10.2777   8.2436   8.9222  -5.5410 -12.4222  -8.7171   0.4883  -6.3220 -16.0323 -22.8238 -13.3577  -3.2013   4.9275 -11.9519 -13.0851   7.8700   3.4282  12.8917 -10.1551  13.6716   5.1090   6.5321   1.8396   7.7704   5.2917   7.3820   6.0098  15.4866   2.4375   2.6995   4.1703   1.9124   0.6660   2.3667   1.4824   5.3448   0.7031   3.4393   5.3977   5.4640   0.5447   3.3118   1.4401   7.1045   1.2496   5.7100   4.7490  72.1358   2.5999  20.2874   1.1288   0.4613 
37   6.4731 291 -31.9341  -2.5059  -8.2057 -20.6020 -31.6353 -17.0368 -10.3512   7.9711   8.4349  -5.3644 -12.5584  -8.9681  -0.3975  -6.1538 -16.0046 -22.9468 -13.1197  -3.2921   5.4147 -12.3064 -12.2517   7.9135   3.8292  12.3574 -10.1052  13.0354   6.4476   6.7672   1.6067   7.6064   4.5281   7.6919   6.6697   9.3144   1.9790   2.3966   5.0687   1.6695   0.5322   1.9557   1.4719   4.7649   0.6395   3.2320   4.1049   3.3303   0.5611   1.7711   1.3584   6.4562   1.0093   5.3898   4.5755  76.9953   2.7165  18.6318   0.9002   0.3998 
38   5.8541 259 -31.9543  -1.8382  -8.1689 -20.2149 -32.1390 -16.6776 -10.2554   8.3815   8.1059  -5.5871 -12.0335  -9.4113   0.1868  -6.2665 -15.7682 -23.3865 -12.9932  -3.5966   5.1299 -12.1201 -12.5455   7.4438   3.6740  13.0572 -12.6224  13.3998   5.9791   6.6469   1.5221   8.0708   5.3795   7.9476   7.5504   5.6116   2.7106   1.7626   7.5628   2.2835   0.5190   1.7465   0.7889   3.0529   0.5263   2.1849   2.6704   2.6406   0.3419   2.8449   1.4565   6.3094   1.0673   3.2024   3.4241  70.9745   2.3821  13.6696   0.7807   0.3059 
39   5.2728 314 -33.4471  -1.5383  -8.7692 -20.6160 -32.1465 -16.5654 -10.0011   8.6740   8.8364  -5.4935 -11.7358  -9.6779   0.4021  -6.3065 -15.1359 -23.2972 -13.0205  -3.7827   4.9110 -11.9457 -12.4492   7.5347   3.7402  13.7828 -12.6032  13.2965   6.4639   6.7419   1.6505   6.6013   5.6334   5.7401   5.6964   6.1006   2.3603   1.2735  10.5156   2.4096   0.3669   1.7062   0.7970   3.1755   0.5173   1.8801   1.5852   1.7961   0.4315   1.8715   1.5384   4.3966   0.7793   3.5841   3.1225  64.2782   1.9443  11.9511   0.5724   0.2864 
40   4.0471 311 -33.4905  -1.0852  -8.6955 -19.9044 -31.7956 -16.4729  -9.6268   8.8101   8.6794  -5.2904 -11.4039  -9.7193   0.1532  -6.4158 -15.0211 -23.7287 -13.2788  -3.7099   4.7929 -11.9893 -12.5932   7.6672   4.1159  13.8934 -12.0206  13.1820   6.6566   7.0542   1.7410   5.7798   3.1884   4.6347   5.9279   6.9914   3.2982   0.8344   8.3646   2.2858   0.2924   1.3305   0.7437   2.6024   0.4680   1.6337   1.3199   1.5305   0.2808   1.8397   2.3291   3.7374   0.6059   3.5529   3.0629  40.4735   1.3984   8.0674   0.4779   0.3148 
41   4.8015 286 -35.9894  -0.5805  -9.3633 -21.1064 -33.1295 -17.3546 -10.6976   8.7419   9.6257  -5.5141 -11.8361 -10.1866  -0.2496  -6.4567 -15.4346 -24.8538 -14.0374  -4.0317   4.5700 -12.4231 -13.4178   8.0375   5.0046  14.7075 -11.7311  13.9688   5.4573   7.6005   2.0364  13.1209   2.8501   4.0774  11.3215  13.6218   4.4137   1.9688   9.4093   2.1372   0.4848   1.8645   1.3064   2.0183   0.6848   2.5534   4.9715   3.2975   0.3801   1.6838   2.6289   4.5730   0.9304   4.6793   4.5979  31.1047   2.0754   5.4206   0.7387   0.3302 
42   5.2810 285 -36.3450  -0.2640  -9.8865 -21.6382 -33.8983 -16.4212 -10.7644   9.9269   9.4989  -5.5583 -11.6296 -10.2926  -0.0811  -6.5675 -15.6529 -24.4369 -14.3468  -4.1634   4.6591 -12.8565 -13.1846   7.8986   5.0079  14.7639 -12.0956  13.5381   5.5195   7.2481   2.1225  17.4705   2.9990   4.1395  17.1246  15.4056   4.1932   1.9755   8.1186   1.9125   0.5124   1.4486   1.1109   2.6530   0.6253   2.2368   3.8993   2.5785   0.3210   1.2327   3.0209   4.9912   1.0259   4.9972   2.9118  38.5697   2.5063   4.1179   0.7251   0.3268 
43   4.6501 262 -35.4319  -0.3685 -10.6122 -21.1256 -33.6598 -16.2104 -10.7590   9.3982   9.6306  -5.5651 -11.9876 -10.2224  -0.4882  -6.6356 -16.1131 -25.4603 -14.7665  -4.1162   4.7110 -13.2813 -13.9161   7.8681   5.3021  14.4381 -10.1720  14.0006   4.6676   7.3416   2.1496  16.2883   3.0453   3.3164  21.8887  14.8772   5.4974   1.7797   6.0366   1.6133   0.2942   1.4381   0.7712   2.6958   0.3621   1.6770   2.8111   3.3471   0.2167   0.8394   1.8391   4.7659   0.6613   2.4312   3.3021  25.9111   2.0894   3.8909   0.8319   0.3336 
44   6.6383 336 -38.0196  -0.5940 -11.3395 -24.8863 -35.9066 -17.0326 -11.3632   9.7168   9.6202  -5.8665 -12.9180 -10.8927  -0.4664  -7.3684 -17.2798 -27.2808 -15.6810  -4.3056   4.8934 -14.7912 -15.6306   8.2347   5.7299  15.2850 -11.6942  15.1702   4.8258   7.2695   2.3068  28.3495   2.9191   3.2513  24.7751  23.7119   8.2199   2.5217   7.4285   2.4452   0.4796   2.7653   1.3072   2.6650   0.6548   3.3409   6.6275   6.3595   0.3277   0.7540   3.3547   6.9575   1.2029   4.0792   3.9580  34.9113   4.0590   3.6255   1.1088   0.3490 
45   6.1290 303 -39.7684  -0.0984 -11.0990 -24.7528 -36.3464 -16.1087 -11.0773   9.7150   9.3377  -5.9651 -12.7782 -11.0019  -0.2573  -7.6117 -17.1804 -26.9091 -15.5655  -4.5757   4.9530 -14.5329 -14.9642   8.3784   5.9639  15.7344  -8.4709  14.9630   4.2641   7.1894   2.2784  28.5753   2.5757   2.0561  22.7863  29.2193  10.0757   2.6252   8.2620   2.5734   0.3053   3.5655   1.5058   1.8508   0.6773   2.1790   4.0660   7.1421   0.2577   0.6476   3.9396   5.2167   1.1368   3.8378   2.2671  22.6249   3.0472   3.2490   1.1654   0.3117 
46   8.1555 288 -42.8835  -0.3153 -11.8736 -26.3716 -39.7018 -17.5652 -11.8524  10.2998  10.0672  -6.2175 -13.0896 -11.9527  -0.1355  -8.0404 -18.3153 -28.8804 -16.3177  -4.8848   5.2701 -15.4168 -16.1158   8.7138   6.2343  16.4084  -9.4654  15.8138   4.5075   7.3766   2.3780  41.9949   2.6268   2.7355  22.3541  48.1387   9.7739   4.7414   9.7898   3.0427   0.6253   4.3546   2.3557   2.2443   0.8656   4.1322   9.5238  11.4135   0.4178   0.7936   4.6870   7.6308   1.5744   5.0401   3.3152  22.6977   4.5751   2.9243   1.6429   0.4978 
47   7.6800 282 -41.5330  -0.8606 -11.3947 -25.3445 -39.6759 -18.0054 -11.8462  10.1400  10.2834  -6.0374 -13.4361 -12.4302  -0.0250  -8.1027 -18.2132 -28.1162 -16.4057  -4.9525   5.0941 -16.4219 -16.8556   8.3601   6.3182  16.8837  -8.2682  15.7567   4.9893   7.1107   2.3778  40.6006   2.3414   2.7492  19.3251  50.3241   7.1492   4.1166   8.0120   3.2761   0.4012   4.7184   1.5001   1.5930   0.6531   6.8620   8.6832   8.4900   0.3133   1.1050   2.6944   8.1692   1.4828   3.4819   2.6099  23.2026   3.7547   2.9394   1.7369   0.4361 
48   7.2179 270 -40.5681  -1.0488 -11.9656 -24.6388 -41.7615 -17.4302 -10.8595   9.8302  10.0138  -5.9431 -13.9376 -12.2577   0.1625  -8.0345 -17.6005 -28.2563 -16.3432  -4.7441   4.9789 -16.0061 -16.7599   8.4550   6.8056  16.8696  -9.3978  16.6069   5.0765   7.0233   2.4452  25.4325   2.0028   2.9773  17.6188  62.2059   6.8786   5.0235  10.7796   2.1307   0.3794   3.3205   1.7807   1.6505   0.7189   3.9720  11.1742   6.7223   0.2464   1.2774   2.5394   6.8659   1.2848   2.6869   2.2411  20.4083   2.9894   2.3619   1.2461   0.4023 
49   6.5492 301 -42.5594  -1.3163 -11.7630 -24.7248 -45.2233 -16.7309 -10.8293  10.2640   9.9024  -5.8270 -14.3836 -12.3884   0.4495  -7.9887 -17.3955 -28.6327 -15.8524  -4.7638   4.7618 -16.3035 -15.7845   8.5166   6.1194  16.6389  -7.9071  16.1162   5.0504   7.2659   2.4945  24.4087   1.8465   2.6228  11.7159  57.6861   5.4964   4.8347   9.1827   1.8009   0.4478   3.0012   1.2599   2.0734   1.1389   3.9968  13.2578   7.4526   0.2392   1.5980   2.7132   4.7368   1.2625   2.8452   2.1413  14.3288   3.5714   2.9142   0.8607   0.4932 
