10 20 29
0  87.1936 51  -6.5393   3.8163   3.3736  -3.2251  -4.7803  -5.8137  -4.9787   2.1915   1.9466  -5.1393   0.5146  -0.8818   0.6845  -1.8641  -0.4059  -1.6808  -2.7785  -2.0368  -6.1141   0.3869  -1.3760   3.3034   0.5872   2.8230  -1.8213   0.8721  -1.5883   1.2496   0.3176  74.8487 126.5098  89.1802  86.3035  67.5065  66.3599 103.2884 111.5145  86.5587  74.6827  71.4692 146.4481  64.8554  72.5136  70.9491  66.7158 108.4944 110.5311  73.6290  84.0243  92.5115  70.4921  91.9519 119.0846  64.3846  83.2999 112.5622  66.9787  70.9663 
1  87.8950 88 -12.5874   4.1483   2.7425  -8.1443  -9.9114  -9.3053  -8.4632   0.4652   2.3484  -5.9486  -0.2338  -1.0683   0.8849  -2.9680   0.2394  -4.1789  -3.7829  -5.7098  -6.8040  -0.4479  -2.6936   1.6271  -3.1091   2.0487  -1.2709   4.0065  -1.7622   1.6896   1.0558  69.9519 108.0435  88.1133  71.2257  71.1910  50.5322  72.6088 161.9580  88.2268  71.6346  65.2716 173.5819 122.2318  57.0698 117.9166  80.9555 114.3726  93.2632  96.8700 103.3185  98.0606  58.8531  69.1013 101.9658  41.0400  73.6704  83.9526  59.6173  84.3558 
2  65.6535 191 -18.2389   5.0917   4.6727  -9.7937 -11.6908 -11.7579  -8.0693  -0.7016   2.1699  -6.1309  -1.0629  -3.3264   2.8883  -1.2356  -3.0737  -8.1898  -5.7995  -3.9819  -7.7770   1.3126  -1.9978   2.6383  -1.7436   2.8596  -1.5815   5.1118  -2.1678   1.7123   3.0983  47.1754 131.7286  51.0605  63.3454  39.7191  40.7738  35.6341 134.0828  54.1055  68.2598  32.1637 104.9630  86.3753  36.9688  64.5889  72.0282 112.3845  95.3275  78.7802  56.1393  71.9170  39.5777  48.8008  81.3581  21.9158  73.4695  64.7309  47.2026  49.3751 
3  55.8636 172 -21.3087   7.2738   5.1337 -12.9906 -13.9857 -11.6691  -7.4953  -0.1694   4.4161  -7.2644  -1.9458  -3.0531  -0.7381  -0.4756  -5.7043  -8.3652  -6.5584  -3.7857  -8.8617   3.5752  -3.2235   3.8300  -3.0034   3.3959  -1.1424   7.3187  -2.1596   2.7382   1.9700  55.7905 117.1730  46.1160  56.7814  31.2180  25.2618  29.4550 107.6859  46.5002  43.3523  22.5745  75.1642  71.0585  27.5059  89.7670  63.6764 130.3738  86.3588  51.2474  40.9563  48.5801  26.5898  35.2147  72.7778  24.2453  82.0880  28.8632  45.3649  38.3035 
4  50.7285 182 -25.2078   8.9528   3.5581 -12.1162 -15.7302 -14.0213  -9.6483  -1.1994   2.8760  -7.6911  -3.2794  -3.3113  -3.4826  -0.1284  -6.6963  -7.5593  -6.7694  -2.0572  -8.8907   3.2517  -4.7621   4.0473  -3.2691   3.5691  -1.7114   6.8889  -2.2393   2.9970   1.4815  75.0101  93.6028  57.8322  37.6427  26.6549  14.4942  23.9742 106.2398  35.6589  39.6711  14.0806  83.0907  53.1143  27.1459  65.4730  57.2162  96.5194  80.1422  78.1193  29.2210  46.6606  16.2442  42.7194  56.2425  23.6806  59.7543  55.5025  48.2884  27.1313 
5  46.3516 200 -28.2973   9.4794   4.2779 -12.8385 -16.9876 -13.7870  -9.7021   1.5601   3.0179  -6.2304  -2.7244  -6.3313  -3.6568  -0.4077  -8.2380  -9.2994  -6.7157  -0.7607  -9.6200   1.9336  -4.4102   3.3399  -4.5111   4.3671  -1.9953   6.7633  -1.5651   4.7702   1.9114  61.2671 108.8030  65.9947  22.0358  24.1161   8.1165  16.7560 104.1239  36.8418  30.6105  10.2316  65.5094  52.4714  19.1187  69.5994  52.2325  77.6168  54.1327  71.7297  19.1384  48.8623  17.6466  42.7998  56.9757  24.1085  41.3300  84.1118  34.9365  22.9796 
6  41.8054 265 -30.5574   4.4924   4.5877 -13.2245 -18.0667 -15.0208  -8.2503   4.3876   3.3982  -6.8073  -1.4642  -5.6332  -3.6823  -1.8169  -8.5053  -9.0657  -7.2968  -2.4437 -10.3152   0.9244  -3.2817   3.9634  -2.7760   3.9955  -0.8862   7.0333  -1.4274   6.3701   1.5186  56.8486 123.2598  45.6225  29.2070  19.5995   6.1408  13.4834 105.5756  33.0920  25.7712   5.0777  50.6940  37.3896  19.0948  63.5566  42.5795  80.8107  52.8643  44.2604  17.1463  38.6551  16.5872  53.4799  47.6889  24.7580  25.4938  77.0600  41.6004  14.9602 
7  40.4010 243 -33.5147   2.0125   4.1386 -14.4894 -19.4721 -16.6689  -8.4854   5.4189   2.0632  -7.4408  -1.6424  -7.0697  -3.4394  -3.0225  -9.3859 -11.7613  -9.1578  -3.0122 -12.7411   0.5168  -1.9584   4.5275  -2.2807   4.0445  -0.7616   7.6870  -2.7492   7.7678   3.3855  55.9800 151.1389  37.1020  28.6564  18.8232   8.8150  17.9594 128.4865  35.6313  20.1247   6.8827  81.1460  40.5763  15.8271  45.3283  52.0445  52.3932  31.2049  28.7911  16.9731  30.7748  11.8059  55.2276  38.4498  15.3174  15.3589  55.9479  53.0377  21.8232 
8  39.6250 313 -36.5431   6.1428   5.1169 -14.6614 -20.5036 -17.2760  -9.0142   6.0825   2.8666  -6.3091  -1.5252  -4.5925  -4.4711  -3.1150  -9.8984 -15.6350 -10.3925  -4.6362 -15.6941  -0.3036  -1.7714   5.2496  -0.6301   5.1544  -0.8542   8.6137  -1.0359   8.6028   4.6164  64.2643 137.4030  35.2383  34.0517  20.4602  11.5113  13.7852 102.7545  29.9124  21.7480   3.0985  65.3277  49.3743  16.9834  37.0335  49.2551  55.2177  49.9055  29.3040  31.0045  34.3594   8.2823  62.0861  42.4627  12.1795  16.2072  49.6267  45.0574  21.2298 
9  36.2094 262 -36.1133   5.1618   4.3986 -13.9661 -19.2512 -17.5879  -7.4123   4.6012   2.8801  -7.0942  -2.0993  -4.7663  -3.9709  -4.3269 -10.7450 -16.0805  -9.6810  -5.2729 -17.7142  -0.1530  -0.4583   4.7371  -0.1826   5.0566  -0.6791   9.9348  -0.6332   9.3662   3.1638  51.5817 127.8323  43.2547  19.4605  23.3846  10.9288   9.3029 109.9274  18.2711  13.0886   3.3654  73.4912  55.3857  12.6858  26.4880  44.6085  45.7972  49.7237  24.0269  21.4785  26.3154   7.1791  59.1703  43.1582   7.1770  16.6263  35.8483  50.4253  20.0900 
10  33.1782 267 -37.5890   1.2984   3.3118 -14.9383 -19.1506 -18.4021  -6.9601   3.4184   3.3027  -6.9886  -1.0770  -5.8061  -2.7448  -3.0230 -11.3285 -17.3398  -9.9780  -5.7493 -16.9946  -0.4162  -2.3501   5.2193  -0.5800   4.3281   0.1604   9.7325  -0.3550   7.5669   3.4315  90.8913 136.2710  37.5590  11.5062  24.8393   8.1345  13.9308  76.9783  11.1447  12.2881   2.4664  57.5707  54.1374   7.1526  29.6723  35.1436  37.6226  33.1980  25.4486  30.1464  19.7824   8.6219  62.1468  41.3248   5.4831  16.6369  21.5026  33.6586  16.9094 
11  30.7304 265 -41.5816  -0.2775   4.8245 -13.8396 -18.0050 -19.2528  -6.5217   2.4150   4.7623  -7.2609  -1.1375  -6.9733  -2.0948  -2.8415 -11.8331 -15.1316 -11.5833  -4.9086 -16.9633   1.0761  -3.0668   6.6984  -2.1579   1.6318  -0.4757  10.0585  -0.3383   7.9986   2.6146  82.2176 213.9083  28.2505   6.8791  20.7398   6.8404  13.0875  51.6579   9.9012   7.8104   1.7795  40.6023  62.0218   4.5514  22.0036  30.5974  23.7914  29.3020  22.6544  27.2244  11.6026   6.6849  56.8014  33.7528   3.4943  11.4282  20.9093  26.5686  14.1183 
12  27.4860 315 -41.3222   1.7028   7.0425 -13.8910 -18.5877 -18.8522  -5.5096  -0.2348   5.1338  -6.7476  -1.5570  -6.6362  -2.9018  -3.1335 -10.8506 -14.5828 -10.7601  -3.3944 -16.2701   1.4680  -2.7479   6.4142  -3.8784   0.6019  -0.4358   8.8610   0.7798   7.8173   1.8547  63.3289 218.1030  30.6727   7.2128  17.7460   5.3004  11.7644  44.7683   6.5264   7.9926   1.4505  43.7981  52.5054   3.5168  15.6178  24.5681  24.3979  24.0325  22.9374  14.5843   6.4985   7.0848  46.2149  31.4542   4.1232   8.8804  17.3792  24.7726   9.8623 
13  23.5830 313 -42.7643   3.4115   6.9871 -14.2491 -19.4113 -18.9544  -4.7577   0.2921   5.8622  -6.3672  -1.5620  -6.3352  -4.3143  -2.8015 -10.6775 -15.4569  -8.5399  -3.7935 -15.6251   1.7417  -2.7806   6.9517  -3.9322   2.8326  -0.8189   9.3753   0.7052   7.9770   1.4609  60.3195 159.3579  25.1703   7.7183  13.7022   3.6084   6.8468  39.5585   5.9488   7.6030   1.7329  30.9504  38.5515   3.1919  17.4112  24.3537  21.3658  17.0159  24.1348  14.0840   6.9449   3.6435  58.5157  35.1295   4.0694   8.9857  13.4773  22.6458   7.8683 
14  20.8248 268 -43.0065   3.1563   5.7611 -14.8100 -19.7390 -18.6146  -5.2788  -0.8167   6.0676  -7.0277  -1.5245  -6.4729  -6.2261  -3.3643 -10.8692 -15.7643  -9.6495  -3.4482 -15.4454   0.8913  -2.7607   6.9406  -7.6834   4.2009  -0.6884   9.3565  -0.6259   7.5645   2.5237  35.6125 163.6626  21.2310   7.1622  12.1540   3.2517   3.9559  41.8463   5.7559   6.0162   3.1994  23.9560  26.7391   3.5837  17.6861  25.6651  24.8696  15.9926  20.9537   8.8537   5.4380   5.5985  49.1646  29.4445   4.0730   8.1537   7.1255  14.6604   8.1129 
15  20.4395 273 -40.3645   1.9422   5.5657 -15.7439 -19.8304 -18.3753  -4.5948  -0.6025   6.8844  -7.4205  -1.8190  -7.5958  -6.3058  -3.1883 -10.4247 -15.1857  -7.9758  -2.8923 -15.3644   1.2243  -2.3971   6.7330  -6.1279   3.3740  -1.3118  10.1011  -0.3997   8.5138   2.8544  36.7092 169.7625  18.9230   4.5381  14.1019   2.0795   4.3643  45.7309   3.9667   5.3983   3.3058  21.3822  18.9526   2.2655  22.8991  21.7161  24.3166  15.4355  11.9013   6.1508   3.6577   4.5576  66.0722  27.7216   3.8955   6.0267   5.5470  15.3477   6.0184 
16  19.9066 296 -41.6564   5.5188   6.3248 -16.3594 -21.0747 -19.5610  -5.0201  -1.4956   7.0010  -8.5856  -1.9132  -8.1969  -7.9922  -3.2720  -9.7753 -15.3557  -8.4763  -3.4141 -16.1663   1.7155  -2.6148   7.9908  -7.8886   5.1033  -1.1375  11.2291  -0.0604   8.7029   3.2027  34.2150 159.5906  23.1922   6.0867  15.6026   5.6367   5.4816  48.3984   3.2231   5.3958   2.8694  22.0507  17.4717   2.6484  15.5058  21.6149  20.7153  17.4650  13.4962   5.4598   3.3108   5.7900  59.7120  20.4328   2.9083   6.9470   4.5115  23.8338   3.7254 
17  18.1430 300 -41.5579   3.3279   5.8874 -15.9465 -21.5083 -19.6657  -5.3161  -1.1311   7.0191  -8.3059  -1.4524  -9.1113  -7.2925  -2.9747  -9.8621 -16.2474  -9.7870  -5.0346 -16.5591   1.9984  -2.3960   8.4861  -6.2991   4.6120  -0.8867  11.6514  -0.0012   8.3099   3.4147  47.9851 135.5216  16.7419   6.1173  14.5778   3.9179   4.2248  71.2016   2.3371   5.1430   2.1525  13.6305  14.3987   2.8706  11.6628  19.9155  19.1176  16.4041   8.3836   6.7576   3.2190   4.9370  46.0399  18.3829   2.5374   8.0311   3.9704  13.4641   2.5041 
18  15.7814 295 -42.1683   1.9801   5.2362 -15.7576 -21.1523 -19.7799  -5.4472  -0.6306   7.1810  -8.0767  -1.5968  -7.6180  -6.9972  -3.2327 -11.2350 -17.2366 -10.7866  -5.1596 -15.9602   1.1771  -2.4701   8.6675  -6.7957   4.7466  -0.8230  12.0955  -0.1523   8.7658   3.6488  51.6901  78.7202  18.7774   7.6340  19.0871   3.5868   4.0740  64.7533   2.1898   3.3099   2.6755  13.5687  15.5253   2.3561   9.9090  16.7373  28.2454  11.5511   5.0288   4.8727   2.9443   4.9582  40.9433  10.9556   3.3923  10.9635   4.5753  11.9654   2.6708 
19  16.8450 312 -45.2698   2.3423   5.8526 -15.1991 -20.5169 -20.0750  -5.9726   0.0167   6.9622  -7.7832  -1.6167  -7.4712  -8.3478  -3.2621 -12.0585 -17.6695 -12.0869  -4.4288 -16.4907   1.3512  -2.5210   8.4316  -4.9783   4.9599  -1.0699  12.0490   0.2896   8.8673   3.4337  57.3889  83.5943  22.4961  11.8913  16.0501   3.9547   3.2170  82.2387   3.4755   3.0024   2.8680  10.7453  13.5126   1.7970   7.4718  16.5728  32.5746  14.0578   4.1185   2.5976   3.5481   4.9882  41.8154  10.9523   3.7377   7.7825   4.5814  14.9950   2.4791 
20  13.9759 275 -45.7355   5.5125   5.4305 -14.7231 -19.8829 -20.8347  -5.8460  -0.5913   7.0357  -7.8938  -1.9384  -7.6256  -7.8266  -3.5087 -12.0291 -17.8906 -11.2728  -4.6163 -16.7276   1.3847  -2.6527   7.9971  -4.4462   4.7629  -1.1286  11.5625   0.2427   9.0013   2.6271  42.5638  50.9107  15.4436   8.8574  21.6158   2.6171   2.1736  84.3403   3.4047   2.3720   2.2600   9.8087  11.4828   1.2998   5.9217  14.8758  20.2636  12.3696   3.6180   4.8008   3.8452   5.5374  31.1963   9.4097   4.2421   5.4834   4.0331  17.3744   3.1783 
21  13.7716 293 -50.0905   5.6708   6.0914 -15.6607 -20.0012 -21.6184  -5.9860  -0.3555   7.4795  -8.1031  -1.9936  -8.6013  -8.2103  -3.6033 -13.5939 -18.5002 -12.1341  -5.9273 -18.2099   1.6880  -2.3140   8.3388  -4.9795   4.1352  -0.2700  12.6096   0.0206   9.9015   3.1983  49.1668  34.6567  16.0814  10.8898  16.2354   6.1496   3.0354  72.1291   2.5705   2.6131   1.7935   8.3318  10.7369   1.1805   5.9055  29.8310  13.1255  11.8866   6.7318   5.7031   3.2838   7.1429  37.6045   6.8534   3.7918   6.7955   4.2806  17.1825   3.6887 
22  12.5185 339 -51.4139   6.9991   7.8181 -14.9655 -19.9254 -22.0452  -5.3687   1.1436   7.5793  -7.5196  -2.0489  -8.6865  -9.0721  -3.7008 -13.5179 -20.1687 -11.5055  -6.0567 -19.3931   1.4584  -1.6588   7.4293  -5.7259   4.4943   0.1649  12.9242  -0.1965  10.6439   3.3835  36.1127  31.7238  12.8061  12.8610  31.4239   5.1827   2.9836  55.1394   2.2008   3.8750   1.8645   5.9113  11.3830   0.9865   4.0854  34.4888   9.7869  10.3629   7.6336   2.7535   4.4814   6.1025  36.8641   4.8583   3.7327   5.5305   2.6098  12.4928   2.7994 
23  11.7683 300 -51.5489   7.7173   7.5176 -14.2799 -20.2868 -22.5985  -5.6601   3.1999   7.5285  -7.8198  -2.1163  -8.3833  -8.7264  -3.9014 -14.2584 -18.3438 -11.3954  -6.4133 -19.6428   1.6437  -2.0610   8.2999  -4.3523   4.9841  -0.6669  13.0149  -0.2083  11.5426   3.8828  36.2962  31.1854  10.7692  15.4160  21.7380   5.0246   2.2492  59.7520   1.2207   4.0007   1.1232   4.8730  13.0736   0.7176   3.5116  26.6643  10.5645  12.2153   5.9310   2.9131   2.9464   3.6389  29.0168   7.1538   4.0314   2.5131   2.9396  17.1758   2.6271 
24  19.1734 327 -59.2017  10.1501   8.7655 -16.4817 -23.3410 -25.3842  -6.4632   2.5746   8.3110  -8.5204  -2.1256  -9.5301 -11.3287  -4.6846 -16.0479 -21.0486 -12.3904  -7.8490 -21.9894   1.2721  -2.3436   9.5606  -5.6526   5.7967   0.3686  14.7549   0.2114  13.7173   4.5289 137.3150  26.9918   9.9757  20.3405  30.5882  19.7747   4.1323  55.9515   3.8872   6.0614   1.0032   6.1330  16.5495   1.1581   9.1029  40.4323  17.1588  18.5148  23.0020   3.7205   3.7445   6.9746  35.4555   7.4515   2.7623   7.1213   3.8957  32.8273   4.0029 
25  17.3971 336 -65.4367  11.1793   8.1892 -16.5815 -23.9647 -25.2932  -5.7011   2.6505   8.8458  -7.7458  -2.0736  -9.9254 -10.4468  -4.5491 -16.1193 -22.3984 -13.2515  -8.0014 -20.9829   1.3064  -2.1288  11.0579  -6.0920   6.7480   0.7567  13.8394   0.4389  12.1082   3.6596 144.6570  17.9960  11.0684  33.9611  40.0559  11.9557   3.7514  36.6196   2.6312   5.4955   0.6113   6.4285  11.2143   1.0538   5.8351  28.4338  10.4138  17.8432  14.6101   3.1114   3.2967   5.1495  31.6402   5.3685   2.7319   8.3799   4.1715  32.6426   3.3875 
26  16.2152 358 -67.4421  11.3015   8.9811 -17.4854 -22.7051 -25.4710  -5.3239   4.2473   9.0405  -7.5707  -2.1174 -10.1556  -9.8815  -4.4656 -16.1236 -22.9061 -12.8155  -9.2030 -21.3706   1.3261  -2.5132  11.0155  -6.3969   7.0734   0.6310  13.0390   0.0607  13.0895   3.6618 123.6858  16.3660  10.7425  23.7043  38.5766  10.8461   4.6973  57.5554   2.1499   3.0849   0.6106   7.0397  10.9930   1.1000   3.6464  29.6259  10.9812  14.4501  10.2006   3.2113   2.0672   4.4645  24.3551   6.7943   1.7226   6.6150   5.5569  33.0913   2.3053 
27  13.7832 302 -69.5308  12.0555   8.1227 -17.3486 -22.8508 -26.2854  -4.9626   3.2012   8.6640  -7.2634  -2.2200 -10.4005 -10.6506  -4.4432 -16.0829 -22.2280 -12.4840  -9.8531 -20.2982   1.9831  -2.3977  10.9550  -7.8088   7.6250   0.0751  13.7974  -0.7209  13.3971   3.7111 103.3376  18.1831   7.8949  22.0599  31.2405   6.5974   3.6750  40.0985   1.9584   2.3523   0.5899   4.5709   8.3324   0.6709   4.2849  35.0822  12.4504   9.5416  11.7936   2.5964   2.7793   2.9599  20.9187   4.8224   1.2359   4.3346   6.5750  27.6687   1.1079 
28  11.9488 402 -72.2855  11.8013   7.3566 -17.2591 -23.9154 -26.4601  -4.6044   5.3357   8.7383  -7.3108  -2.3702 -10.5605 -11.4721  -4.6731 -16.6064 -21.0393 -11.6107  -9.4059 -21.2044   1.8412  -2.2940  11.2443  -7.5109   6.7604   0.0344  13.3400  -0.1484  13.2216   3.9499  73.2958  18.9520   8.3991  18.6110  25.3088   6.2816   2.8719  38.7314   2.4911   1.4274   0.5807   3.3536   7.0164   0.7725   4.3859  33.4993  16.8342  11.7306  13.7580   2.2233   1.6980   2.2491  15.3515   4.0100   1.6012   4.4413   5.3201  19.9758   1.3446 
29   9.8633 353 -75.7931  12.4242   7.1549 -16.3437 -25.1167 -27.5646  -4.4563   4.9537   8.1538  -7.7689  -2.3057 -10.6685 -11.1736  -4.7930 -16.7135 -19.6092 -11.5604  -8.7205 -22.0223   1.5701  -2.0672  11.1695  -6.8562   6.8228  -0.1244  14.0098   0.0150  13.4772   3.9171  58.7280  15.1509   6.6114  16.6757  21.1052   5.3725   3.4202  22.0177   3.4712   1.1041   0.4118   2.7481   4.8236   0.8795   4.8930  32.2385  17.8725  13.3434  12.6387   1.8549   1.1783   2.3289   9.9292   3.4385   1.3481   3.8675   3.8827  13.3747   1.3261 
30   9.0563 334 -77.9115  12.6933   5.8626 -16.3394 -24.1749 -27.5317  -4.0714   6.0371   8.9560  -7.4905  -2.2749 -10.8020 -11.1153  -4.6008 -16.6369 -20.9455 -12.5215  -9.0372 -22.4401   1.4685  -1.9753  11.0546  -6.7050   6.8396  -0.1556  14.2098   0.3542  13.3982   3.9327  50.7970  12.6629   5.2373  19.1626  11.5044   4.0986   3.3265  20.2528   3.6825   1.3957   0.2662   1.8917   4.2043   0.6937   4.4204  39.5017  18.1224  12.2218  11.4887   1.7210   0.7499   2.1399  10.5904   4.0778   1.3472   2.6293   3.3511  10.2322   0.8620 
31   8.6244 348 -79.3157  12.0022   6.2206 -16.7050 -24.9751 -27.7173  -4.3646   6.7318   8.8751  -7.6514  -2.2333 -10.9272 -11.2455  -4.5760 -16.5564 -22.1030 -10.8166  -9.8558 -21.5533   1.3237  -2.1782  10.5711  -6.5525   6.7895  -0.2847  14.0676   0.3848  12.8757   3.5354  56.2082  10.0054   4.8511  14.5882   7.4274   3.1300   2.2787  12.8087   2.2545   1.0699   0.2757   1.6833   4.4985   0.3705   4.7753  37.9508  16.7114  14.4820  18.3507   2.4048   0.9569   1.6411   9.1169   4.1287   1.0256   1.3476   4.1112  10.5502   1.1035 
32  34.3767 319 -93.7864  14.7869   7.2899 -19.6219 -29.8789 -32.1405  -4.6474   7.4709  10.6403  -8.8518  -2.5462 -12.9269 -13.6593  -5.5262 -20.0789 -25.3551 -12.5322 -11.4141 -24.7041   0.6577  -2.4477  12.3210  -7.8315   7.9916  -0.4031  16.5591   0.7679  16.7916   4.6582 502.6014  23.1508   7.5270  35.8349  50.9871  54.5540   2.8253  13.8162   8.2141   4.6476   0.6579  10.5472  15.0070   1.8798  24.8124  59.8495  32.4987  16.4954  53.7090   1.6888   1.0126   9.3497   8.7600   7.8287   0.8336  15.1804   5.0475  24.0423   3.5655 
33  38.8723 320 -94.2506  13.9797   7.3871 -20.9258 -29.4293 -35.8074  -4.1855   8.4323  10.1252  -9.2568  -2.3485 -12.5010 -13.7796  -5.6281 -20.6710 -26.4417 -11.7827 -11.4489 -23.1135   0.7968  -2.4948  13.2067  -7.8820   7.6180  -0.4146  16.1196   0.6191  16.5685   4.5843 683.5067  27.1215   6.0437  21.3150  56.0599  45.0576   2.3418  13.0081   5.3606   2.7586   0.6236   9.3029  12.1643   1.4804  31.8695  48.9630  27.1265  12.5724  56.6260   0.9641   1.0452  11.2395  10.1533   5.3233   0.8034  11.5816   2.8569  16.9249   3.1007 
34  31.2067 322 -100.3825  12.9222   7.7095 -22.5042 -31.4442 -39.8947  -4.5511   9.0884  10.4325  -9.6459  -2.4247 -13.5826 -13.5960  -5.9865 -22.9932 -27.5817 -14.4126 -12.3564 -23.5931   0.8660  -2.6291  13.2947  -7.9477   7.6235  -0.6826  16.8832   0.4363  17.0838   5.3481 422.2214  17.0353   7.4507  22.7299  58.7569  44.3285   2.1548  12.8319   4.3652   4.5706   0.6873  11.1887  19.0630   1.2297  37.9711  52.5564  42.2356  14.0092  49.2929   0.7461   1.3882  15.6408   8.9743   7.7124   0.7998  10.0184   2.2237  29.6765   3.1362 
35  27.5660 326 -103.5238  11.7513   8.1970 -22.4594 -29.5818 -40.9246  -4.3024   9.5082  10.1090  -9.8597  -2.4347 -14.0099 -13.3059  -5.6916 -24.6715 -27.7372 -14.9065 -13.0559 -23.8705   1.0047  -3.0595  15.4460  -7.5367   8.2305  -0.4655  16.7283  -0.0964  16.5540   5.1897 381.8317  14.4056   5.6199  15.6134  47.5412  38.9583   2.0815   8.9457   3.5329   3.9751   0.5873   9.1952  17.0082   1.4998  25.0076  44.9193  46.2102  11.9881  42.5636   0.5108   0.8653  14.4523  10.9487   7.6693   0.9668  11.4191   1.9718  26.4189   2.7069 
36  25.8828 317 -103.0460  12.4496   8.5993 -21.9139 -30.6164 -41.9535  -4.6230   8.5081   9.9427  -9.5022  -2.4748 -12.7949 -13.5070  -5.3218 -25.5140 -28.4868 -14.9836 -13.1556 -22.9990   1.2171  -2.9892  15.7146  -7.4034   8.2858  -0.3188  17.2894  -0.2709  15.6367   5.9680 332.2384  13.9178   5.6530  16.9044  29.1113  25.4538   2.3838   7.2280   2.1569   2.0804   0.5969  10.1014  18.8720   2.1634  24.9532  65.1056  50.4811   7.5721  41.2676   0.4574   0.8090  10.9221  17.3211   8.2067   1.2888  10.7379   1.5207  38.7892   2.3078 
37  21.1727 363 -101.2565  12.6233   8.7059 -20.9201 -31.7574 -41.6560  -4.7262   9.3816  10.0107  -9.8850  -2.5001 -12.6343 -13.1972  -5.2798 -24.7079 -28.2569 -13.6813 -13.3796 -24.1778   1.3511  -2.8603  15.8881  -8.1495   8.6038  -0.5452  16.8359   0.0364  15.7671   6.0175 251.5945   6.6971   5.2749  10.5565  30.7192  18.6802   1.9308   7.7245   2.2688   1.9986   0.6221   7.6192  18.6561   2.3318  22.1582  64.8584  41.3891   5.6866  22.7420   0.6371   0.5637  16.0526  16.6012   6.8097   0.8521   6.1291   1.1257  40.3407   1.3871 
38  16.5361 326 -105.3789  11.8834   9.1454 -21.1414 -29.3169 -41.7023  -4.5479   9.8567   9.9357  -9.6825  -2.4059 -12.8578 -13.3044  -5.2616 -25.0074 -26.0488 -12.4376 -12.6621 -23.9069   1.5167  -2.8370  15.6666  -8.4634   7.7649  -0.7931  17.3372  -0.1807  15.9409   5.5170 167.2518   3.7501   3.5313  12.4536  18.6551  17.5823   3.2314   6.6338   1.8952   2.4464   0.5031   9.8945  20.7659   2.8560  12.3531  73.9805  29.2877   3.7864  18.8677   0.3457   0.3773  12.9037  13.3672   8.6804   0.6663   4.4244   0.6313  27.6250   0.8008 
39  21.5085 334 -109.0515  12.5622   9.0229 -21.5499 -31.0327 -44.7841  -4.5333  10.8501  10.5398 -10.3351  -2.7093 -13.7647 -13.5348  -5.3482 -27.0419 -27.4955 -13.7588 -12.9324 -25.5939   1.7916  -3.1225  17.3695  -9.7038   8.7981  -0.5383  17.8900  -0.0916  15.9829   5.9357 249.7404   5.0362   3.9899  12.0886  42.2620  25.9712   3.8950   6.4727   3.1596   4.3420   0.4955   9.5421  18.7369   2.8133  19.5510 102.6977  19.4901   4.9599  19.7477   0.3889   0.3097  11.0097  20.6586  12.6087   0.4397   6.9439   0.6614  14.8096   0.9241 
40  17.3534 424 -117.8579  12.7654   9.2158 -22.0768 -31.8645 -45.4029  -4.1753  11.5847  10.9335 -10.3514  -2.5776 -13.7039 -14.9856  -5.5198 -27.5516 -28.8759 -13.1102 -12.9120 -25.5226   1.8858  -3.0886  16.6301 -10.2830   9.3039  -0.6261  17.7476   0.0299  15.6392   6.2969 183.3191   4.3849   2.7010  12.8851  42.2016  39.1904   5.8525   6.6251   2.2936   6.1170   0.3533  10.8981  15.7527   2.6722  11.8347  66.0388  16.1289   2.9904  14.1966   0.3635   0.2856   9.7446  17.6770  13.5595   0.4610   4.1908   0.4784   9.1108   0.9418 
41  13.4372 330 -113.6640  13.0068   9.5047 -21.6958 -30.6196 -45.1412  -3.5577  11.4902  10.8349 -10.6534  -2.4767 -14.0329 -14.5148  -5.8712 -28.2106 -26.9150 -13.7067 -12.8862 -25.0160   1.9814  -3.1974  17.0852 -10.5744   8.8393  -0.4550  17.7758  -0.0037  15.5283   5.8039 146.7720   3.8616   2.2521   9.8166  43.2815  23.5609   7.6832   4.3068   1.7179   8.5931   0.2668   8.7915  13.1661   2.9347   9.8002  34.3413  10.4982   2.5896  11.2308   0.5312   0.2322   8.0310  10.8152  11.2340   0.2570   4.6100   0.5498   7.1917   0.7625 
42  12.0160 408 -114.2901  12.9944   9.3978 -21.4389 -29.8895 -46.5120  -3.1556  11.4467  11.0233 -11.4735  -2.5675 -14.6553 -14.4622  -5.5689 -27.6390 -28.2372 -14.0731 -13.0176 -24.7164   2.0634  -3.1084  17.6835 -11.1293   9.6587  -0.4715  18.5070  -0.0972  15.4185   5.6935 110.3711   3.5545   2.6344   8.7012  58.0695  23.4000   4.2865   5.0817   1.8132   4.7085   0.2187   8.5052  13.9819   2.7396   8.3858  31.8897   9.2711   2.3131   9.3512   0.4369   0.2281   6.0263   6.9596  13.3041   0.1811   3.8585   0.5415   6.8674   0.7828 
43  17.8090 400 -123.0839  14.0397  10.5971 -22.4979 -30.0438 -50.8353  -3.5237  12.0350  11.2905 -12.2888  -2.7998 -15.1493 -15.0491  -5.9849 -28.9528 -30.4627 -15.2138 -13.2266 -26.5349   2.2651  -3.4153  18.6199 -11.5695   8.6636  -0.5458  19.3480   0.0291  15.9476   6.3013 219.2041   5.3716   2.8502  14.6997  63.9905  37.6430   4.5898   3.2285   2.6657   4.0839   0.3586   9.7784   9.6316   4.0827  12.3438  49.0390  10.8054   2.3930  13.3093   0.7674   0.2450   7.3467   7.7491  13.0387   0.1067   4.9348   0.5928  10.6022   1.0076 
44  15.9042 343 -126.4848  14.2114  11.0492 -23.5909 -30.2929 -50.4655  -3.2804  11.6533  11.9815 -12.5060  -2.9144 -14.3470 -16.1849  -6.6828 -29.2834 -31.3353 -14.7930 -13.8589 -25.3940   1.6338  -3.3949  18.3983 -10.7801   8.5363  -0.4330  19.0533  -0.2762  15.5629   6.2136 191.0372   3.6120   2.7086  12.7587  68.5471  24.0009   6.2094   3.6736   2.2243   3.0947   0.5356  10.8168  13.3916   5.2769   9.8367  34.3769  12.1548   1.5823  11.5372   0.4709   0.2351   7.9996  10.5204  11.3362   0.1647   4.7569   0.5863   7.0000   0.7761 
45  40.5802 377 -142.4256  15.5582  12.7351 -25.9037 -32.6600 -57.9456  -3.3433  12.8593  13.3236 -14.2766  -3.3317 -17.4093 -17.5173  -7.0214 -31.4770 -36.2439 -16.5342 -15.8750 -28.5809   1.7158  -3.6668  19.7361 -12.1272   9.1788  -0.3548  21.1504  -0.2688  16.7854   6.8883 635.2532  10.2931   6.1346  27.6926  93.5453  97.8353   6.3960   6.4914   5.5033   7.4516   0.7701  18.0318  19.2221  10.3830  35.2895  65.1088  17.4698   7.6256  32.9487   0.6008   0.5069  15.8285  11.2507  12.8129   0.1943  17.3298   0.6327  12.5569   1.6664 
46  58.6938 316 -149.2612  14.7710  12.9328 -24.7838 -33.8704 -60.5957  -3.0997  12.4156  13.3307 -13.2022  -3.4835 -18.1085 -16.8121  -6.9798 -29.6572 -34.8477 -16.3673 -15.9191 -29.7581   1.8421  -3.8088  20.2355 -12.5391  10.1897  -0.3617  22.4765  -0.5058  18.1580   6.5826 1191.8895   7.3623   4.8539  34.7146  83.0053 125.8792   4.0084   5.6352   3.9826   5.4248   0.7955  17.6056  15.6115   8.5635  21.1525  41.0461  17.2316   9.7458  33.0148   0.4665   0.3879  21.3617  12.6108   7.7254   0.1439  15.7462   0.5876   9.7664   1.8022 
47  44.5658 342 -152.2679  14.5674  12.2132 -22.3254 -33.4739 -61.3204  -2.8067  12.2012  13.6794 -13.1964  -3.6070 -18.0163 -16.4118  -6.8511 -28.2820 -36.0715 -17.4653 -16.4905 -29.3353   1.8614  -3.5549  19.5960 -12.5297  11.2967  -0.3576  20.9061  -0.4859  17.9346   6.5663 836.9010   6.2784   3.1912  32.2493  72.3717 108.2502   5.5183   3.6327   3.5978   4.2019   0.9024  16.1124  18.8492   6.4264  16.2217  40.8210  20.2408  11.8190  26.2744   0.8614   0.3572  15.0083  18.1248   4.8753   0.1257  11.0498   0.4862   6.1512   1.5077 
48  50.5622 371 -160.4793  15.6947  13.2446 -22.7773 -38.4449 -60.5123  -2.9217  12.5325  14.9203 -13.5888  -3.8075 -19.4769 -16.1978  -6.1229 -28.4416 -38.0085 -18.0310 -18.3420 -30.7180   2.0714  -3.8610  19.9508 -11.4272  11.2316  -0.3797  21.7094  -0.2859  18.3539   6.8130 980.4291   6.0478   4.1926  29.1144  76.0975 107.8209   5.1771   4.4135   4.9781   6.7493   1.3113  22.1129  20.6847   4.6700  17.7408  53.2638  15.9674   9.3385  31.9432   1.2610   0.5150  12.4255  15.5375   7.5078   0.1178  15.3206   0.3684   9.6794   1.5179 
49  45.5036 368 -159.8213  15.0794  12.8500 -23.5849 -38.5394 -63.6484  -3.0490  12.9065  14.6887 -13.4715  -4.1939 -19.6688 -17.0444  -5.4890 -27.6839 -39.3530 -18.9661 -18.5724 -30.3890   2.1310  -3.5986  19.0700 -11.3501  10.9356  -0.3132  22.0882  -0.1634  18.5660   6.6038 867.8333   6.0381   2.4336  23.3549  68.5687 117.8741   5.0701   5.3875   4.6343   5.4049   1.6028  19.6009  22.2898   3.4500  20.2899  39.7732  13.6198   8.0694  30.0053   0.8554   0.3749  10.6810  18.5250   5.8981   0.1334   8.3444   0.4864   7.7134   1.2921 
