10 20 29
0  82.8369 34  -3.9979  -4.1130   1.5213  -3.1007  -3.9550  -5.0861  -3.0468  -1.0573   4.6646  -2.1608  -1.2639  -1.9243  -2.3618  -2.3758  -1.3290  -2.2114   0.4728  -0.2790   0.4822   1.2933   2.9339   0.4267  -0.9081   1.7928  -2.0841   4.0344  -1.7858   0.8755  -1.0364  71.8267 102.3444  78.9331  89.4276  47.3363  64.2344  48.2388  80.5424  70.0211  77.9320  85.8057  90.5619  73.3742  95.7200  68.3760 126.2772  94.0642  63.1112  80.8275 107.0651 104.1332  70.1887  79.8036  86.0528  70.6431  74.4983 135.6341  85.1789  80.1192 
1  66.8347 100  -9.6469  -2.3440  -0.9070  -7.8529  -6.8402  -6.7303  -6.9518  -1.9551   1.7657  -0.6226  -2.8375  -3.3103  -2.9816  -5.3359  -4.9653  -1.5026  -1.4726  -3.0902  -0.8028   1.4557   5.2645   1.7774  -2.6181   3.6905  -0.1849   3.5430   0.0563   1.3263  -0.4490  61.3300  96.1017  71.7068  62.9372  56.4006  51.2554  62.7452  44.4669  48.5111  64.0917  59.9227  64.0873  56.0511  62.6756  50.7591  92.6415  92.5325  44.2539  85.4004  96.3701  68.3939  59.6297  82.8333  83.7560  56.4421  58.6391  72.8103  72.8551  58.6064 
2  58.0662 107 -14.4184  -1.1646   0.1031  -9.3345  -9.1363  -8.3869  -8.1317  -2.1862   2.7888  -1.5771  -1.1854  -6.0857  -2.1361  -9.6883  -3.7869  -2.6207  -5.4423  -4.2199  -4.5490   4.7918   4.4736   2.5149  -2.9072   4.0474  -0.3012   3.3912  -1.6115  -0.0052   1.0753  58.4936  74.4688  85.3676  52.8120  87.7859  37.8823  52.4923  43.4145  40.4374  58.2130  40.1394  59.9922  60.7414  62.5624  45.9411  67.5731  60.9252  28.7534  61.1294  99.3866  57.0011  61.8125  76.5853  49.1829  41.0959  56.4044  54.8135  50.5310  57.9812 
3  50.8322 196 -19.1534  -2.6792  -1.0873  -9.8556 -14.3578  -7.8948  -7.9349  -1.5382   2.6114  -2.5629  -2.2944  -6.9732  -3.3407  -9.9239  -3.9464   0.1173  -7.7352  -5.5877  -4.8313   2.3740   1.8172   3.8556  -3.5652   4.8136  -0.2670   5.4978  -3.1684   0.6602  -1.1590  81.3782  58.1515 110.1983  41.0308  54.2965  36.3204  33.2224  29.3496  23.6305  40.7328  52.9704  41.4733  62.3956  49.1090  24.9268  79.9002  55.6259  13.6027  55.0487  51.7698  70.5252  54.9062  61.3399  57.1510  42.7389  41.7094  43.6674  36.1063  70.8572 
4  47.6021 188 -23.0717  -5.1165  -3.2573  -9.2099 -14.0914  -8.7078  -8.1352  -2.7154   2.3647  -2.5583  -0.7374  -7.7193  -3.1888  -7.3758  -3.8739  -1.9610  -7.1670  -4.8874  -2.6813   0.9889   2.3943   3.9792  -5.1024   4.9281   1.4534   6.0073  -2.8968   0.4012  -4.2868  56.1262  67.7494 125.1712  31.7794  34.0263  23.7266  23.9616  32.6653  21.9377  26.7190  52.0300  30.6773  37.4985  53.8221  38.4016  86.2035  34.1085  10.7056  49.5085  48.5881  97.1108  28.6600  78.1066  68.0370  40.7410  33.9750  39.6310  30.4350  78.3568 
5  38.1012 238 -21.3757  -6.9142  -2.9644 -10.7787 -14.5284  -9.0027  -9.0383  -2.8220   2.7175  -2.2411  -0.9902  -7.7001  -3.5607  -8.9084  -4.3927  -4.8188  -8.4719  -4.5134  -2.3120   1.0494   3.5613   3.9593  -5.9013   5.3198   1.6949   6.2851  -4.0609   3.1321  -2.3136  52.7992  48.5939  93.9221  23.6340  24.1359  16.5064  19.7953  35.3547  13.6713  20.7302  34.4814  35.0984  20.4705  76.1301  34.4521  84.5890  19.1785  11.7237  31.4409  49.3846  80.6868  20.5088  45.5004  37.0864  32.4477  23.4200  25.6163  25.0764  68.4998 
6  30.4735 248 -23.1462  -5.5506  -2.6918 -10.9816 -15.0816  -9.7436  -9.6170  -1.8422   3.2146  -0.4370  -0.2778  -7.2063  -4.5570  -8.3841  -5.3191  -5.8489  -8.0959  -3.4959  -3.5324  -0.3862   5.5136   5.9553  -7.6089   6.0283   1.2992   6.1447  -3.1212   2.2443  -0.7280  51.0371  36.0307  59.6190  19.5077  25.5039  11.1532  15.8996  31.0681  11.5481  15.4712  30.0924  21.2751  15.4331  53.9396  24.9388  85.0501  14.7934   8.4968  20.0640  33.3843  67.1316  23.5947  32.7857  25.8300  26.6271  24.4980  24.3605  16.3386  58.2590 
7  26.3511 265 -24.3474  -5.6586  -5.5792 -12.4735 -14.9045 -10.2748  -8.5721  -1.4689   2.9554  -0.6873  -0.5508  -5.8560  -4.1904  -8.4619  -5.9886  -7.5424  -8.8624  -3.4637  -3.6462  -0.9559   5.5543   5.1363  -7.5618   6.6838   0.2823   7.7583  -2.6332   1.9912  -0.7309  52.3818  32.3861  57.3436  23.3957  28.0715   5.1691  10.8320  24.3174  11.2630  14.6900  15.8186  13.5281  19.0128  42.9944  21.0275  60.6607   8.1627   6.1437  17.2959  28.2974  58.8571  16.8759  29.4062  22.7738  19.2077  24.0802  35.3545  13.3405  51.4952 
8  26.7119 309 -27.8638  -5.2064  -7.9608 -13.2911 -15.1597 -10.2452  -7.9883  -1.3020   2.9428   0.5841  -0.7731  -5.4397  -3.3670  -9.7083  -5.4077  -9.0701  -8.7433  -3.6487  -4.3603  -1.4085   6.3793   6.2635  -8.7964   6.8098  -0.2132   7.8560  -3.3782   2.7701  -0.8265  43.9806  26.3073  53.2797  26.9857  33.0370   3.0915   9.4144  45.1416  10.5276  20.1231  11.2420  16.0238  12.9244  36.1619  23.5814  54.4004   8.4250   8.0451  17.9043  15.8778  69.0625  18.0757  29.0994  16.3178  24.5563  20.2797  56.4655   9.0901  55.2243 
9  24.1721 273 -29.3917  -5.4682  -7.5030 -12.9989 -16.1006 -10.1826  -8.6604  -1.7299   3.2262   0.4854  -1.0218  -5.2104  -3.1285  -8.2480  -5.7578  -9.9839  -9.0718  -2.7988  -4.1794  -1.4926   7.5474   5.6753  -9.1448   7.7221  -1.5835   9.4816  -3.4553   3.7826  -0.3072  38.1136  23.6611  67.0065  23.5923  28.0840   4.1500   6.6956  23.0738   7.3689  19.5809   9.3045  16.7726  12.8984  21.7934  21.0806  57.6164   8.3006   4.3428  13.6920  23.1414  71.1468  15.6620  16.0956  15.1578  20.0503  11.0263  67.4839  12.6571  41.4408 
10  22.7219 262 -29.4085  -5.8897  -8.9470 -10.8645 -17.5125 -10.3069  -8.1164  -0.2499   3.2355   0.1168   0.1384  -6.2913  -3.9068  -8.1629  -5.7191  -9.6083  -8.8531  -3.2131  -4.5851  -1.0556   6.8837   4.9854  -8.8688   6.9115  -0.9047   9.8753  -4.7524   2.5973  -0.1231  30.7022  24.0296  64.8677  17.1933  31.1661   4.5140   4.6949  22.3304   6.0525  18.7241  10.4250  14.9588   8.0878  18.9483  19.8089  48.5459   6.6876   7.5054  16.8881  22.4958  81.5045  12.4161  12.9456  14.5727  29.5786   6.5739  53.5218  12.8878  36.3066 
11  19.3649 284 -30.0645  -6.6201  -7.7680 -12.1023 -17.1408 -10.1280  -7.9403   0.8860   2.9806   0.7764   0.3561  -5.9229  -3.6239  -9.3630  -5.3459  -8.9778 -10.2766  -3.8540  -3.8387  -1.2130  11.4142   5.5698  -8.4860   7.4957  -0.7505  10.4600  -5.2210   2.0084   0.1620  29.2547  26.7863  66.3964  15.9064  30.5211   2.5285   2.9313  15.8982   6.9009  13.6810   5.7289  19.2446   5.6626  14.8001  17.9636  41.6571   6.6485   6.5628   9.7767  27.8809  58.5521   8.5512  14.0023   8.1743  19.4779   6.6501  38.0057   9.0793  32.3590 
12  16.0292 255 -27.2423  -7.4879 -11.3135 -12.1225 -15.4451  -9.7142  -7.9939   2.6906   1.8638   0.4591   0.0090  -5.5887  -3.6190  -8.7876  -5.9364  -8.2722 -10.1578  -3.8764  -4.3245   0.0211  12.3869   5.6545  -8.1048   6.8287  -0.4146  10.2486  -5.0896   2.1022  -2.4400  16.9902  21.6961  55.5433  11.1554  21.9621   2.2679   2.6892  18.5245   7.0478  12.3264   3.8973  15.7678   5.7859  11.0881  16.5397  40.5826   4.2273   5.3823  10.6667  21.9105  36.5730   5.0294   9.5557   7.3417  19.7421   8.0237  34.4652  10.9190  27.1464 
13  14.9323 261 -28.1835  -7.4223 -12.6749 -13.3302 -16.6882  -9.8698  -7.8537   2.5329   1.5618   0.1847   0.1026  -4.1874  -3.7415  -8.5350  -6.4403  -9.2084 -10.4827  -3.5086  -5.4152  -0.4316  11.6713   4.9153  -8.4444   6.6237  -1.5388   9.2840  -4.5597   3.4038  -1.7736  13.5990  13.0899  36.4495  14.0615  22.7923   1.7126   4.0251  15.0939   7.7160  10.7204   2.5476  13.4709   6.0016  13.5184  22.2194  46.2061   4.0327   3.5602   7.0233  17.7781  47.6698   5.7765  12.3649   8.1119  19.8579  10.3968  27.6038   7.4766  18.1594 
14  12.1414 298 -28.3096  -7.1798 -11.8500 -12.5540 -17.3698 -10.1270  -7.4647   1.3778   0.7163  -0.3431  -0.5979  -4.0998  -2.8834  -8.2582  -6.1175 -10.3735  -9.8620  -3.6313  -5.3335  -0.1403  12.3104   5.0215  -9.2985   7.2646  -0.2551   9.3641  -5.4070   3.8101  -2.7510  12.1062  14.9711  25.8576  14.3842  18.9888   0.9504   4.6406  17.5769   7.4665  18.0058   2.3154  10.2303   5.9629  15.3967  22.5048  30.2864   4.0874   3.3735   7.1865  13.3440  23.8798   4.4663   9.0748   6.5381  17.6583   7.9359  18.0565   5.9064   8.9497 
15  10.4523 278 -29.5639  -6.8881 -12.0650 -12.5706 -18.0507 -10.2932  -6.7381   0.8194   1.1891  -0.1875  -0.6466  -5.4211  -3.1718  -9.6440  -5.0450 -10.0800  -9.8206  -3.2435  -5.7728   0.7039  11.6904   5.6885  -9.9369   7.2286  -0.1880   9.5296  -6.4843   4.3612  -3.7814  13.0380  12.7576  18.3824  12.2221  15.5530   0.6860   5.1142  15.0522  11.5356  16.1870   2.0734   6.9019   4.7861  10.2071  13.5127  22.9863   3.0759   3.1534   7.1141  11.5906  23.2383   3.6972   8.7020   9.1692  12.3456   8.4334  21.7705   5.0141   4.8162 
16   9.0289 316 -29.9978  -6.4417 -13.8668 -12.3237 -18.6384 -10.2425  -6.7858   0.5986   0.2001   0.5628  -0.7485  -4.7785  -3.2833 -10.2445  -5.2994 -12.0450  -9.9817  -2.9099  -6.0684   0.7776  10.6009   5.4148 -10.3187   7.4784  -0.4025   8.9401  -5.2886   5.2358  -3.0193   8.8350  15.4749  15.8718   6.1600  12.1620   0.8112   3.6459  16.1603   9.5218   8.2364   1.1884   4.4574   5.2543   8.4615  12.9713  23.9511   3.1326   3.4305   4.6657  13.0482  19.6930   4.3234   7.1337   6.9202  13.4834   6.3865  19.9987   3.3908   3.0691 
17   7.7066 331 -29.7226  -6.3328 -14.5635 -12.1942 -18.1274 -10.3568  -6.9515   1.0699  -0.0505   0.4913  -0.7398  -4.4442  -3.1949  -9.9150  -6.2885 -11.5210  -9.5962  -2.6960  -6.2310  -0.5574  11.0811   5.1186  -9.8129   8.0750   0.4573   9.0408  -4.0475   5.2585  -3.5419   5.1826  10.9417  17.0204   4.9610  14.2443   0.5932   3.8080  14.6197  12.7168   6.2275   1.2236   2.5763   3.8189  10.6874   8.9219  14.7448   1.9391   2.6426   3.8093  11.9171  16.5469   3.7208   4.5576   5.4521  12.5764   5.2448  17.6081   2.7865   2.4022 
18   6.5753 311 -29.1757  -6.4131 -15.4282 -11.6676 -18.1427 -10.2617  -7.0118   1.2738   0.3404   0.3735  -1.0013  -4.6705  -3.4269 -10.4006  -6.0226 -12.5143  -9.2885  -2.6269  -6.2873  -0.3512  10.2084   5.1054  -9.9185   7.7797   0.7336   9.6548  -4.5308   5.2284  -3.9457   2.8202  10.1209  19.9547   5.4150  12.7770   0.3479   3.3522  12.7395  10.1427   6.1856   1.2749   2.3758   2.5793  11.1444   6.4005  12.2771   1.9929   1.9418   3.6952   8.9360  13.0074   3.0515   4.1556   5.3302  10.8484   4.1301  10.0122   1.9665   1.7092 
19   5.4924 295 -28.6387  -6.2706 -14.7006 -11.7853 -18.0733 -10.3638  -6.7235   0.8271  -0.3836  -0.2520  -0.7364  -4.8729  -3.6325 -10.3228  -6.7654 -12.8967  -9.1920  -2.5508  -6.5937  -1.3994   9.3476   5.1925  -9.0506   8.2324   1.6692   8.9304  -4.1186   5.2748  -3.7977   2.2557   5.8336  13.2240   6.5810   9.6619   0.3761   2.2878   9.9352   8.2000   5.1539   1.2145   2.5116   2.9083   7.9828   5.2861  13.7298   1.5438   1.9725   2.5310   8.7690   9.8544   2.4821   3.3759   4.0029  12.6676   2.6909   9.4812   1.2679   1.4975 
20   4.9012 323 -28.1006  -6.4558 -15.0171 -11.1292 -18.2593 -10.2195  -6.7385   0.5663  -0.7016  -0.3139  -0.4454  -4.5080  -3.7565 -10.8253  -6.8022 -12.0429  -9.2735  -2.2829  -6.8881  -0.6126   8.9826   5.1423  -8.6192   8.6223   2.1911   8.8867  -3.2063   5.5655  -3.4398   1.8558   4.5074   9.1626   4.3844   9.8125   0.2565   2.1134   9.8914   8.8765   5.8857   1.0534   3.1087   2.5741   5.8914   3.9347   9.5302   2.8823   1.6621   2.6069  11.8958  10.3842   1.5052   2.1386   4.3449  10.8795   1.9024   6.1217   1.2229   1.7489 
21   4.8616 276 -28.1363  -6.0905 -15.0837 -10.8428 -18.0519 -10.4003  -6.6165   0.5836  -1.6824  -0.1658  -0.5231  -4.4215  -3.3486 -11.1896  -6.6075 -12.0435  -9.3610  -2.2183  -6.4653  -0.0033   8.7664   4.8584  -8.8535   8.6667   1.7794   8.7634  -2.8586   5.8722  -3.5362   1.5279   5.0054   8.6664   3.0530   9.8296   0.1637   1.5752  12.2600   6.8178   6.1264   0.7669   2.3311   2.7872   7.2039   5.9462   8.0011   2.9742   1.4254   1.7202  16.3665   7.0219   1.1463   1.3570   3.9679  13.4281   1.7948   4.9725   1.0153   1.7342 
22   4.2874 313 -27.7625  -6.3719 -14.8153 -11.2124 -18.3219 -10.4047  -6.2194   0.9743  -2.0125   0.2584  -0.4308  -4.3907  -2.9501 -10.3198  -6.3088 -11.5620  -9.1632  -2.4085  -6.4325   0.6590   9.2036   4.7674  -8.8085   8.5239   1.2009   8.7342  -3.1680   6.1384  -3.6220   1.1296   3.4103   7.3338   2.5188   5.4988   0.0966   2.3979  11.4354   8.5160   8.4460   0.7751   1.7173   1.9624   4.9464   3.5294   6.5190   3.0935   1.2348   0.9573  11.8482   4.6387   1.2305   1.2452   2.2758  16.5048   2.5655   5.9615   1.3058   1.2400 
23   3.7869 282 -27.5929  -5.6673 -14.5223 -11.3019 -18.1140 -10.3246  -5.4233   2.4363  -1.9377   0.4702  -0.4368  -4.5236  -3.3703 -10.7812  -6.5425 -11.2731  -9.1386  -2.1003  -6.6288  -0.1827   9.3327   4.4454  -8.4325   8.1481   0.8457   9.2562  -2.5873   6.3300  -3.3161   0.9363   4.1686   5.4150   1.6543   4.2503   0.0769   1.6629   7.3860   6.9125   7.8384   0.6769   1.4490   2.1976   4.1282   3.7604   6.3298   2.4747   0.8089   0.5073   9.0955   3.5915   1.1981   1.3894   2.1541  21.1277   1.8238   5.1140   0.9000   0.7909 
24   4.2000 309 -29.2161  -6.1394 -15.2095 -11.7533 -19.0289 -10.9318  -5.4712   3.2136  -2.0651   0.9168  -0.6251  -4.9424  -3.8238 -11.9481  -7.1715 -10.7097  -9.6628  -2.2783  -7.0267   0.3859   9.4232   4.5933  -8.9381   8.4969   2.7464   9.8925  -2.1919   6.6509  -3.4750   5.7543   7.7134   6.2670   2.5084   5.7039   0.7724   1.3265   4.9261   7.2849   7.8995   0.6546   1.6537   2.2690   5.2353   2.3002   8.6767   1.8213   1.2854   0.6458  11.5783   2.9396   1.2690   2.0458   2.0944  16.9787   2.5610   4.9097   1.6765   1.0500 
25   3.6276 280 -29.3018  -6.4624 -15.3133 -11.9809 -18.7416 -10.8499  -5.5879   3.5949  -1.9836   1.7004  -0.7450  -5.0978  -3.7985 -11.4841  -7.0215 -10.6734  -9.7336  -2.2649  -6.8279   0.6020   9.0808   4.5839  -9.0333   8.8594   3.5214   9.2178  -2.9081   6.4432  -3.7138   3.5707   6.9027   4.1288   3.1109   4.2070   0.5173   0.8368   6.4409   9.0854   5.4150   0.6430   1.2478   2.3553   3.6309   1.6842   5.4674   1.1959   1.4242   0.5374   7.2603   1.4988   0.8711   2.8667   1.5133  17.6000   2.5057   4.9804   2.5512   1.1515 
26   3.1808 344 -29.5405  -6.9730 -15.5308 -12.0130 -19.2167 -10.8223  -5.3485   3.8204  -1.9991   1.3931  -0.6500  -5.1495  -3.5349 -11.5604  -7.2469 -10.6676  -9.4541  -2.1852  -7.0960   1.9634   9.1317   4.4513  -9.2182   9.0907   3.0567   8.9507  -3.8726   6.6447  -3.7004   3.6518   6.4874   3.0764   3.0709   3.1897   0.6133   0.7563   5.3291   9.1962   3.6279   0.5938   0.9941   1.4898   3.9681   1.4995   6.1981   0.8859   1.3072   0.4091   6.5770   1.5266   0.8138   1.6218   1.6579  14.3694   2.1186   3.9138   2.2997   0.9996 
27   3.0101 324 -29.7402  -6.7293 -15.6853 -11.7095 -19.3337 -10.8663  -5.2089   3.0740  -2.9791   1.5666  -0.6049  -5.4047  -3.5000 -11.2562  -7.2149 -10.4083  -9.0430  -2.0620  -7.1500   1.9077   9.2531   4.5500  -8.8688   8.6279   3.9681   8.9748  -3.9337   6.3882  -3.5153   3.7048   5.6193   3.0571   4.4644   2.3529   1.3145   0.4192   6.9496   7.0547   2.8082   0.6800   0.9986   1.6946   3.2111   1.1582   4.1026   1.3690   1.0355   0.4625   7.4470   1.3715   0.8070   1.3102   1.0498  12.6456   2.6664   4.0349   2.6585   0.8457 
28   2.7387 355 -29.6463  -6.2576 -15.1091 -11.4271 -19.3679 -10.6045  -5.1575   2.4520  -2.4927   1.4274  -0.6818  -5.1814  -3.9082 -11.6374  -7.4204 -10.0739  -8.6948  -1.9483  -7.2186   2.2354   9.1513   4.4676  -8.3104   8.3562   5.1003   9.4990  -3.7961   6.1794  -3.4884   3.7504   3.9061   1.4926   2.5265   2.6030   0.9749   0.5622   6.7290   4.4971   2.2356   0.8928   0.8812   1.4180   2.4294   0.8394   5.4471   1.6113   0.8194   0.8526   8.6001   1.1416   0.9694   1.7434   0.7502  12.1356   2.7382   2.9043   3.4659   0.5040 
29   2.5043 291 -29.6535  -6.3109 -15.4442 -11.8490 -19.1374 -10.2344  -5.3337   2.5847  -2.8787   0.7827  -0.9002  -5.3151  -3.7750 -11.7942  -7.4843 -10.3393  -8.4056  -2.0368  -7.0089   2.5656   9.1825   4.4395  -8.2697   8.4944   5.4546   9.3910  -4.0970   6.1859  -3.5306   2.1144   4.8074   1.6266   2.1747   1.6011   0.9027   0.5074   5.6771   2.0136   1.6618   0.5869   0.5884   1.7887   1.9409   0.7390   5.4249   1.6830   1.1531   1.1821   6.6228   1.5787   0.5619   0.9470   0.7179  16.2917   2.6083   2.2176   2.4580   0.4459 
30   2.1947 310 -29.5012  -6.3361 -15.5553 -11.8212 -19.2385 -10.2858  -5.2616   2.6987  -2.7013   0.7720  -0.6659  -5.1036  -3.9905 -11.7624  -7.6867 -10.4400  -8.1494  -2.0472  -7.0587   1.5789   9.4715   4.6811  -8.3706   8.6868   6.7158   9.7197  -4.2021   6.3477  -3.5342   2.1487   4.8711   1.1016   1.4690   0.7976   1.0025   0.6930   6.8724   1.7818   1.2420   0.7021   0.7568   2.1643   2.0948   0.4479   4.5053   1.5102   0.9427   1.0971   6.0906   1.6218   0.4179   0.7057   0.6437  10.4261   2.1507   3.1294   1.5859   0.6728 
31   2.0681 386 -29.8955  -6.7868 -15.7809 -11.4120 -18.9865  -9.9938  -5.1996   2.5375  -2.6914   0.6073  -0.3085  -4.9529  -3.7059 -11.6552  -7.7306  -9.7489  -8.0540  -2.1937  -6.7798   1.6925   9.3071   4.7565  -8.2042   8.7328   6.4491   9.4629  -4.0742   6.4521  -3.6340   2.7009   2.9751   0.9235   1.2011   0.6453   0.9510   0.6678   5.6267   1.7573   1.1272   0.5068   0.7341   2.6586   1.6644   0.2428   3.6019   1.2309   0.8446   0.9160   5.2160   1.2638   0.4732   0.5658   0.5692  13.2776   2.7682   2.8229   1.3131   0.7297 
32   2.6357 366 -31.9635  -7.1310 -16.6367 -11.9939 -20.0620 -10.8971  -5.5583   3.3777  -3.1389   0.9631  -0.4946  -5.6430  -4.2419 -12.8018  -8.3556 -10.3670  -8.8921  -2.0785  -7.0854   1.5734   9.8330   4.9586  -8.5676   9.3214   7.2515   9.7035  -4.1427   6.9466  -3.6988   8.0990   1.8275   2.7681   1.7854   3.1236   1.7470   0.8708   7.3541   1.7604   1.6497   0.5003   0.9473   2.5074   2.5788   0.7305   5.0168   2.6473   0.5324   1.4276   3.9384   1.6513   0.5051   0.9713   0.9945  11.4360   3.7606   3.3906   1.3585   0.5551 
33   2.2694 350 -32.0344  -6.9807 -16.4784 -12.5287 -20.3542 -10.9443  -5.4915   3.4711  -2.8963   0.9534  -0.5487  -5.4770  -4.3465 -12.6399  -8.5640 -10.7018  -9.0806  -2.0784  -7.1268   1.3202  10.1368   4.9998  -8.7627   9.0164   7.4535   9.9488  -3.7783   6.8485  -3.6439   7.9139   1.6394   2.5841   1.1214   2.4828   1.6688   0.6436   5.1544   1.7011   1.2956   0.4111   0.9512   3.3083   2.5513   0.6694   5.2186   2.3750   0.5748   1.9848   2.3905   2.0569   0.4103   0.8550   0.8695   9.0237   2.1611   2.5558   0.8808   0.3602 
34   2.3929 340 -31.5569  -6.8870 -16.6305 -12.5248 -20.5282 -10.9466  -5.2317   3.4148  -2.9036   1.4456  -0.5701  -5.7991  -4.3112 -12.5914  -8.6700 -10.9681  -9.1084  -2.2544  -6.9896   1.8257   9.9618   5.0335  -8.5615   8.9059   7.6314   9.8800  -3.8254   6.7057  -3.5513  10.2272   2.1236   2.4147   0.6747   1.8169   0.9321   0.4988   6.2054   1.8508   0.9162   0.3391   1.1411   2.5876   1.6362   0.4152   4.7769   1.9481   0.4442   2.6008   2.4165   3.1392   0.2469   0.8145   0.7354  13.2861   1.9374   2.2442   0.6552   0.3678 
35   2.3592 333 -30.0225  -6.7636 -16.4710 -12.4710 -20.5706 -10.8762  -5.2071   3.9735  -3.1023   1.5958  -0.5761  -5.9520  -3.7110 -12.5588  -8.7039 -11.1699  -9.7834  -2.1085  -6.9651   2.1327  10.1867   5.1590  -8.6670   9.4086   6.7957  10.1899  -3.4516   6.6920  -3.6573  13.5472   1.9966   3.5195   0.6366   1.1868   0.7185   0.3491   6.7663   1.7585   1.3929   0.2886   0.6952   3.3479   1.9768   0.3337   4.0706   2.4235   0.4081   2.0061   3.0627   2.1240   0.3052   1.0168   0.6354   9.8760   1.1527   2.1062   0.4456   0.2697 
36   2.3507 337 -29.4381  -6.9951 -16.6253 -12.6514 -20.6243 -11.0837  -5.1905   3.4213  -3.3336   2.1157  -0.7222  -5.9057  -3.7990 -12.7970  -8.3998 -10.9491  -9.3901  -1.9224  -6.8934   1.6456   9.9050   5.2601  -8.4998   9.2155   6.6775  10.4377  -3.2638   6.8445  -3.6077  20.0922   1.8645   3.0900   0.6239   0.7770   0.6303   0.3018   6.6709   1.5206   0.9096   0.2648   0.6359   2.1573   1.8997   0.1712   2.9733   1.8994   0.3436   1.5000   2.4316   2.0765   0.3030   0.6851   0.6769  10.4014   0.9647   1.5814   0.5092   0.2155 
37   1.7683 328 -29.7152  -7.1214 -16.9695 -12.6492 -20.4782 -11.0280  -5.1777   3.8949  -3.3587   2.2752  -0.6485  -5.9177  -3.6087 -12.7817  -8.4143 -11.3341  -9.5426  -1.9457  -6.7683   1.5427  10.0549   5.2282  -8.7369   9.1803   6.9494  10.3024  -3.3149   6.8713  -3.6920  11.9049   2.5867   3.1626   0.6260   0.5426   0.5981   0.3095   5.5095   1.1622   0.4941   0.1814   0.4505   1.6693   1.4697   0.1274   2.5829   1.7486   0.3113   1.3742   3.1969   1.2392   0.1993   0.5350   0.7324   6.0141   0.6814   1.1234   0.4461   0.3001 
38   1.5705 326 -30.0769  -6.8804 -16.5515 -12.4594 -20.3718 -11.1325  -5.0226   4.7035  -3.4277   2.2571  -0.6891  -5.9745  -3.5093 -13.1394  -8.3479 -11.3987  -9.8182  -2.0568  -6.8923   1.5898   9.9475   5.3104  -8.6196   9.3370   7.2762  10.2703  -3.5363   7.0038  -3.6972   8.4844   1.9251   3.6917   0.7607   0.3518   1.3469   0.3329   4.8185   1.3902   0.5660   0.1262   0.3993   1.7125   1.3710   0.0827   2.0140   2.1392   0.2300   1.0570   2.6900   0.7831   0.1636   0.3910   0.5582   5.6330   0.9441   0.8437   0.4795   0.2589 
39   1.5868 330 -29.9311  -6.9429 -16.4838 -12.5061 -20.3462 -11.0743  -5.0835   4.7963  -3.5297   2.0500  -0.7637  -6.2889  -3.7309 -13.5354  -8.3618 -11.3510  -9.8953  -2.1357  -6.8741   1.6787   9.8341   5.3150  -8.5798   9.3676   6.8897  10.2303  -3.8600   6.9254  -3.7941  10.2909   1.1979   5.2834   0.7418   0.2459   1.3071   0.2349   5.1766   1.7671   1.1067   0.0834   0.3487   3.0884   1.1603   0.0623   1.5090   1.0771   0.1666   0.8893   2.6925   0.6555   0.1614   0.3665   0.5362   3.3271   1.0500   0.7326   0.5621   0.1964 
40   1.5282 336 -30.1266  -7.1725 -16.3949 -12.5164 -20.3859 -11.2561  -4.9792   5.3649  -3.2560   2.1411  -0.7737  -6.4855  -3.7167 -13.7640  -8.4670 -11.3808 -10.1115  -2.1688  -7.0796   0.8494   9.8264   5.2140  -8.5989   9.4240   6.8675  10.4659  -3.8175   7.0307  -3.7703  11.4437   1.4951   3.9986   0.4803   0.1902   1.2746   0.2759   5.4279   1.7733   0.9389   0.0792   0.2475   2.6454   1.0452   0.0470   1.4186   0.8307   0.1598   0.7216   1.5517   0.5318   0.1290   0.3635   0.3799   4.4989   1.1349   0.6399   0.4059   0.1904 
41   1.7331 297 -29.1305  -6.9222 -16.6713 -12.4315 -20.3912 -11.3041  -4.9008   5.4263  -3.5678   1.9655  -0.7817  -6.4068  -3.9644 -13.6879  -8.3970 -11.4707 -10.1935  -2.0920  -7.4287   0.7315   9.8813   5.1847  -8.6124   9.3578   7.4860  10.6738  -3.7935   7.0576  -3.8116  17.1877   2.4509   4.9611   0.5226   0.1323   1.2444   0.2311   5.2878   1.9808   1.0359   0.0494   0.1978   2.1337   1.3339   0.0429   1.6577   0.6387   0.0865   0.7981   0.8555   0.5577   0.0850   0.3590   0.2700   4.2519   0.7570   0.6131   0.3342   0.2033 
42   1.4951 330 -30.5795  -6.5818 -17.4459 -12.5115 -20.4481 -11.3843  -4.8766   5.5058  -3.4280   1.8728  -0.7752  -6.5213  -4.2001 -13.5113  -8.4673 -11.2926 -10.3553  -2.1275  -7.5615   0.7407   9.7360   5.1814  -8.4929   9.2962   7.1589  10.5743  -3.8694   7.1395  -3.7711  13.2351   1.7743   3.1049   0.4986   0.1403   1.4916   0.2027   5.6614   1.2984   0.7558   0.0275   0.2168   2.2450   0.9940   0.0485   0.9926   0.9048   0.0851   0.7710   0.6763   0.6669   0.0688   0.3455   0.2616   5.2695   0.6711   0.4867   0.2506   0.2111 
43   1.4107 398 -30.5198  -6.3260 -17.8276 -12.1804 -20.3855 -10.9825  -4.9604   6.1846  -3.1632   1.7066  -0.7900  -6.7224  -4.4338 -13.5847  -8.4718 -11.4607 -10.6292  -2.1386  -7.7231   0.6976   9.7794   5.1382  -8.3610   9.2969   6.9025  10.5470  -3.8572   7.1125  -3.6792  12.6227   1.6709   2.6150   0.8457   0.1063   1.8909   0.1985   5.4629   0.8973   0.9494   0.0268   0.1766   2.2582   0.7531   0.0409   1.0989   0.7498   0.0545   0.8211   0.4440   0.7663   0.1174   0.2622   0.2856   4.2847   0.6134   0.4177   0.2277   0.2530 
44   1.3543 298 -30.9330  -6.3913 -17.8325 -12.2917 -20.5560 -10.9860  -5.0450   6.8140  -3.4374   1.7241  -0.7708  -6.7763  -4.6566 -13.4990  -8.4469 -11.3990 -10.8766  -2.1477  -8.0768   0.6673   9.6477   5.1565  -8.3680   9.2627   6.7246  10.5713  -3.9703   7.0882  -3.6840  13.4328   1.2015   1.8118   0.5320   0.0918   2.0841   0.2085   6.2829   0.4632   0.7835   0.0166   0.1825   1.8145   0.5991   0.0339   0.6492   0.5706   0.0509   0.8782   0.6429   0.6619   0.0820   0.2434   0.2103   4.3020   0.7255   0.3400   0.1760   0.2035 
45   1.1317 335 -30.8910  -6.5486 -17.9316 -12.2123 -20.6649 -10.8820  -5.1578   7.3717  -3.5476   1.5304  -0.7620  -6.8006  -4.1237 -13.7904  -8.4131 -11.4952 -10.8023  -2.0999  -7.8042   0.5954   9.6797   5.1744  -8.4284   9.2274   6.3041  10.6682  -3.9081   7.0812  -3.7459  10.1866   0.9438   1.9450   0.5803   0.1183   1.4662   0.1603   3.5198   0.4250   0.4939   0.0184   0.1391   2.4728   0.6671   0.0249   0.4504   0.5915   0.0591   1.1718   0.7182   0.6642   0.0675   0.1713   0.2402   4.2041   0.6823   0.2326   0.2214   0.1841 
46   0.8471 314 -31.8124  -6.9068 -18.0179 -12.3273 -20.6493 -10.9216  -5.1396   7.4714  -3.7260   1.3380  -0.7868  -6.8247  -4.4521 -13.8957  -8.3988 -11.3469 -10.8163  -2.1019  -7.8051   0.8939   9.7562   5.2070  -8.5403   9.1328   6.3428  10.7265  -4.0125   7.0848  -3.6158   5.5787   0.9811   1.9095   0.6180   0.1103   0.9502   0.1174   3.1444   0.4449   0.6857   0.0225   0.0698   2.2318   0.5044   0.0171   0.2437   0.3999   0.0679   1.2163   0.4595   0.6510   0.0439   0.2373   0.2143   2.4709   0.6471   0.1322   0.2550   0.1426 
47   0.7427 314 -31.9166  -7.0622 -18.0071 -12.4371 -20.6008 -11.0606  -5.1298   7.9065  -3.8171   1.3430  -0.8092  -6.7395  -4.5613 -13.7708  -8.4304 -11.5260 -10.7509  -2.0270  -7.7470   1.0746   9.6945   5.2246  -8.6336   9.1027   6.7474  10.6880  -4.0467   7.0436  -3.6581   5.9479   1.1047   1.6396   0.5383   0.1218   0.9597   0.1412   2.7032   0.5103   0.8173   0.0191   0.0530   1.2675   0.5085   0.0119   0.1432   0.3894   0.0660   0.7496   0.4905   0.4594   0.0452   0.1837   0.1792   1.4283   0.6117   0.1178   0.2250   0.1054 
48   0.6076 361 -31.6908  -6.9808 -17.8954 -12.5277 -20.4856 -11.1224  -5.1278   7.8944  -3.8495   1.2849  -0.8122  -6.7457  -4.7252 -13.5053  -8.4098 -11.5372 -10.6199  -1.9837  -7.9653   1.4730   9.6730   5.2271  -8.5654   9.0517   6.6824  10.6047  -3.9829   7.0132  -3.5955   5.0461   0.6696   1.1192   0.4165   0.1200   1.0957   0.1505   2.0614   0.3216   0.7013   0.0113   0.0459   0.7562   0.2774   0.0155   0.1441   0.3107   0.0545   0.6211   0.4840   0.5108   0.0442   0.1752   0.1402   1.4189   0.4652   0.1001   0.2812   0.0627 
49   0.5645 348 -32.0851  -6.8059 -18.0538 -12.3253 -20.5461 -11.1189  -5.1106   7.6986  -3.8773   1.5231  -0.8634  -6.7062  -4.5893 -13.4738  -8.4408 -11.5084 -10.6896  -1.8748  -7.9894   1.4593   9.7066   5.2053  -8.5299   9.0073   6.9322  10.6564  -3.9941   7.1659  -3.6538   5.1803   0.4541   1.2801   0.3803   0.1650   0.8214   0.1506   1.5940   0.2489   0.9155   0.0105   0.0368   0.5255   0.2261   0.0116   0.0690   0.1955   0.0511   0.5242   0.2640   0.2670   0.0359   0.3225   0.1220   1.7186   0.3882   0.0896   0.2771   0.0445 
