10 20 29
0  93.3980 16  -7.3103   2.4206   2.2438   0.1436  -2.8158  -4.8198  -2.9053   2.4647   1.2886   0.3680   0.5254  -1.7215   0.5466  -0.8441  -0.7702  -1.2749   2.0777   3.8744  -3.2677  -2.4707  -0.1919   0.5435  -1.9165   4.9592  -2.3109   2.9906  -0.7982   3.2203   1.4597  91.0451  93.6814  70.4237  83.6738  64.4954  49.9866 115.4874  69.6515  66.3843 183.5932 120.8517 103.3656  93.0677 115.3256 108.4194  70.8554 125.2787 121.3886  75.3726  83.7986 107.7774  56.2095  90.2981  78.2728  94.9930  82.6039  70.6070 130.9943  90.6392 
1  75.1304 84 -13.8409   1.5120   3.3218  -3.2355  -4.1166  -5.9986  -9.1842   2.1032   0.8872   1.1518   1.9022  -3.8834   0.1867  -2.9308  -3.3018  -1.5000  -1.4433   1.9723  -4.1488  -2.7060  -0.6246   1.0884  -4.0943   5.6837  -3.1630   5.1268  -1.7261   4.0882  -1.2223  75.4406  80.8170  96.2766  53.8614  51.6889  41.5369  93.8000  65.7895  58.2096 217.5974  83.5111  82.2112  56.3557  87.7122 126.0684  42.5373  60.3487  95.1449  47.8745  66.8446  91.5093  38.8458  69.5134  40.2953  55.6958  61.7390  61.4396 107.9639  68.1539 
2  62.3097 160 -15.1412   0.7756   2.3359  -4.2503  -6.3781  -5.5108 -12.5229   1.8212   3.2503   1.0182   3.2842  -4.1019   0.5649  -1.1467  -4.9783  -3.0911  -1.6115   3.6344  -6.4111  -2.9594  -2.4515   0.8094  -4.0636   4.7050  -2.4075   5.0416  -3.2548   3.5778  -1.2493  51.7284  59.2344  68.9032  42.4238  47.3376  22.6985  55.5515  56.8566  37.8956 206.6579  88.0341  65.7607  44.2582  73.2958 126.3803  47.4396  91.7040  80.9245  36.6850  58.0594  70.0405  31.1972  60.6965  29.0227  37.9055  38.7260  35.9139  80.4979  61.1515 
3  53.0842 196 -18.1104   2.6285   2.0729  -6.3621  -8.0643  -6.7619 -11.8304   1.3136   1.7270   1.6833   1.5445  -4.1876   0.7675  -1.4649  -5.8454  -5.2202  -4.6074   3.9399  -6.7935  -3.9918  -4.0579  -0.3859  -4.4117   5.4281  -2.9000   4.1346  -3.5563   3.9706  -3.4326  44.4718  57.0772  58.5854  27.9774  33.2344  18.0770  37.7002  50.3694  32.1645 176.1144  52.1933  38.9111  39.2271 121.7511 131.5618  31.5138  88.3231  72.8271  32.8447  42.4046  51.8024  15.7765  60.7907  18.4305  44.1868  23.9085  31.6217  52.0211  53.5726 
4  48.1939 148 -20.0674   1.8501   2.9118  -7.0462  -8.3599  -7.5448 -11.3553   3.4817   1.8747  -1.6272   0.6939  -4.0671  -0.7574  -3.6072  -6.7314  -6.1542  -4.7858   3.2764  -5.1152  -5.0278  -5.4350  -0.6370  -5.2754   5.3534  -3.4894   5.3305  -2.2462   4.6665  -1.6736  34.1253  45.3978  60.6401  25.6467  31.9519  16.8947  24.1184  37.2489  19.0009 163.8207  37.2016  33.0292  39.9015 150.1472 110.4543  21.9256  89.6092 100.0018  32.4626  38.2556  36.5785  11.3667  47.0182  12.4550  41.2071  43.3462  17.2326  36.4024  40.1828 
5  39.0382 182 -21.3108   2.5153   5.5916  -9.5159  -9.6829  -8.6712 -11.7989   2.7647   0.7540   0.5769   0.1805  -4.4473  -3.1601  -5.4388  -6.9283  -6.9010  -5.5296   4.4008  -4.5705  -6.5493  -5.2829   0.2758  -6.0416   5.5760  -2.3281   3.8585  -2.2789   6.1303  -2.0737  25.1103  44.4570  49.1561  20.8396  26.9172  10.3057  15.5658  25.2509  10.1252 198.9921  29.6499  20.1190  31.0575 104.9192  81.4944  17.4357  75.6554  51.6191  31.2953  35.8786  45.0702   7.9962  27.8495  10.0312  24.5031  41.8775  13.9884  32.4073  22.5412 
6  41.2347 188 -25.3557   4.4024   7.0252 -11.7762 -11.7479 -10.3952 -12.9096   2.6482   0.6802  -3.2601   1.4218  -4.5868  -3.2648  -7.2362  -8.6727  -8.0316  -4.7234   4.8884  -5.8113  -7.2335  -7.0454  -0.0473  -5.5312   7.2104  -2.7253   5.6516  -2.7755   8.6128  -1.1211  42.6731  53.7591  81.0644  25.1917  39.4204  17.1908  21.6280  30.7982   9.2413 176.3362  28.5870  21.3072  17.8088 112.0439  77.6153  19.7900  61.9313  54.7665  30.0756  36.5374  48.6803   4.6949  36.6396  10.5832  30.8254  31.3718  26.5987  28.6432  20.0023 
7  33.8794 242 -26.0947   3.6192   6.2106 -13.3362 -12.0600  -9.5501 -12.1673   0.9163   1.4578  -2.5519   1.3460  -3.7809  -2.7966  -8.3948  -6.8101  -8.4674  -2.4840   5.0435  -6.7872  -6.3072  -7.1250   0.3968  -4.8210   6.6190  -2.0880   5.6873  -1.6144   9.6245  -1.0478  22.8619  40.6480  77.8958  19.0689  33.3124  10.3410  29.4502  23.9167   7.4104 166.8222  27.7275  19.3261  19.3926  54.6184  57.2691  17.3262  42.8436  45.1173  36.3799  27.0012  48.3172   6.5067  38.0404   7.6881  36.6227  16.4085  20.3826  19.6500  10.1572 
8  30.5665 190 -28.7783   4.1850   3.7078 -13.1904 -11.9311 -10.2004 -11.6149   0.8958   1.5716   2.2087   1.5660  -1.9384  -3.7766  -7.9860  -7.0286  -7.5346  -3.1367   5.5154  -6.6614  -5.3051  -7.9689  -0.6663  -5.1173   6.8038  -1.0829   5.7120  -2.3122  10.1163  -0.7086  22.5054  27.5982  52.4431   9.6555  32.2639   9.3845  29.2334  20.8876   6.6035 186.5730  21.0451  20.1527  13.7507  49.6122  41.5944  14.7754  30.1681  48.7751  45.9922  23.5050  31.9817   5.7434  22.2017   6.9093  44.9011  24.6090  18.6096  17.2639   7.6881 
9  27.5274 220 -30.8596   3.1990   4.3740 -12.9964 -12.0476 -10.4687  -8.9999   0.2183   1.4664   0.5183   0.5332  -3.2471  -3.4650  -8.0112  -5.9504  -7.9368  -4.1452   4.8632  -6.9826  -3.5950  -7.4991  -0.5646  -4.1626   7.0915  -1.2204   5.8416  -1.9422  11.0997  -0.1945  21.9459  24.6895  72.0060   8.1513  36.7296   7.9375  18.0590  17.4853   5.5540 113.0363  14.2554  17.6355   8.5186  42.1968  48.2014  14.7127  24.1704  38.6685  78.0520  24.8391  35.7796   7.1250  14.8745   5.0720  45.3837  15.5270  17.1414  13.9319   6.6160 
10  25.0688 263 -33.4139   3.6146   4.9293 -12.7908 -11.9830 -10.3858 -10.1037   1.1108   1.0808  -1.9479   0.0814  -1.9771  -4.7555 -10.0973  -4.0767  -8.6238  -4.3486   4.2830  -3.5870  -3.9615  -6.8849   0.3959  -4.4841   7.0967  -2.0322   6.5544  -1.7129  10.3923   0.2964  20.4604  22.0027  56.3806   9.2422  28.1601   5.7370  14.9874  13.2743   6.0927 102.9679  19.4178  14.0317   7.3620  47.1799  54.6186  10.7796  21.6425  36.7166  80.1372  17.6475  22.1410   6.2078  10.4627   4.3094  42.1900  20.5728  15.3032  13.7434   3.2266 
11  24.5278 256 -36.5571   4.5173   4.5026 -13.1977 -14.3958 -11.7290  -9.1847  -0.6113   0.9609  -3.6278  -0.7282  -1.2223  -4.8790 -12.1642  -3.1697  -9.5777  -5.6281   5.3860  -5.1479  -6.1005  -7.1143   1.3513  -4.8857   7.4347  -3.8077   8.3929  -1.3353  11.0843   0.2504  24.2004  16.2292  59.0810  14.8536  30.9790   6.6040  13.6956   8.3487   7.2767 108.8061  16.8140  10.2531   5.0883  33.9942  61.7569   9.1470  23.3763  47.1613  73.5444  18.3618  22.1805   4.4421  10.0288   7.2013  36.9052  13.5475  14.8070   9.7096   2.9118 
12  22.2720 269 -36.6439   6.5600   5.6974 -12.6211 -15.0043 -12.3919  -8.6241   0.4925   1.0039  -4.4358   0.1811  -0.8984  -4.7722 -12.6198  -4.4620 -10.4343  -4.7586   3.2894  -3.3618  -6.5855  -8.5789   1.3669  -4.7608   7.0809  -4.9799   7.8691  -1.6536   9.9830  -0.0894  28.9025  15.3446  57.7163  16.6608  27.0643   5.7148   7.8429   5.2540   6.9314 101.1799  13.1000  12.4523   5.6821  29.4660  42.2712   5.1487  22.6550  49.6011  43.7603  18.4871  25.8162   6.3392   8.1378   7.8416  46.1318  14.4471  12.5603   6.6403   2.7393 
13  18.1675 280 -36.8210   8.4158   5.9519 -12.5166 -13.6880 -12.0730  -9.5271   0.6224   1.5414  -3.8172  -0.5655  -0.8099  -4.8305 -14.6658  -5.4494  -9.7799  -7.0012   2.8501  -2.4158  -7.7783  -9.4937   1.2230  -4.4181   7.3837  -3.8936   9.3108  -1.1325  10.5061  -0.7733  21.5046  12.2935  39.9631  23.9371  31.6898   5.4924   6.1433   4.3978   3.8060  64.6483   6.6526   8.7716   4.0435  26.9712  32.8066   5.7023  16.4243  36.3371  36.8025  18.7490  29.9790   6.1800   5.8551   6.0307  40.0971  10.7925  11.5480   6.6366   2.6024 
14  15.8481 305 -37.6358   8.9545   5.7695 -11.0746 -13.1762 -13.3077  -9.6144   0.4480   2.3581  -3.7322  -0.2004  -0.8550  -4.2497 -15.2006  -6.1282  -9.9091  -6.9946   1.2248  -2.6683  -8.3834  -9.3380   0.9890  -5.9832   7.6790  -3.8316   9.7979  -0.9085  10.0934  -0.6722  18.9620  15.6276  39.1542  14.0848  24.7328   4.2010   3.5576   2.6589   3.0914  66.4659   7.6350   7.7127   3.2696  21.4891  26.0650   6.6523  18.9692  31.4106  25.6175  14.5611  38.0031   4.2723   4.1665   7.1327  25.3356   6.1241   9.8845   6.6091   2.1482 
15  15.4109 332 -37.7612   9.3406   7.3575 -11.1708 -14.6660 -12.8170  -9.4648   0.7727   1.7024  -5.2703  -0.3380  -0.9729  -4.5688 -14.9387  -7.9172  -9.6509  -7.4546   0.5616  -3.2798  -8.4093 -10.3685   0.5568  -5.6265   8.5206  -6.7882   9.9310  -0.8438   9.9679  -1.2840  18.8766  15.0576  56.1270  10.6140  25.7242   2.8179   2.9032   2.3651   2.8410  68.2140   5.6201   7.9625   2.6630  18.6256  20.1809  11.0163  13.0899  21.6413  26.1275  14.4604  45.8325   4.8805   3.9721   5.6885  17.6069   7.5299   4.7318   6.4347   3.3096 
16  15.5969 283 -38.6191   9.5321   5.7093 -10.7763 -15.4155 -12.8330  -9.1492   1.0298   1.4812  -4.9025  -0.1431  -0.1574  -4.8068 -15.0492  -6.6401  -9.3462  -8.8070  -0.3916  -2.9129  -9.1309  -8.3890   0.0817  -5.3685   9.0497  -6.8347   9.7850  -1.4524   9.7448  -1.7478  15.9201  12.3880  44.5980   9.3446  12.6164   2.9500   2.6304   1.2857   1.8966 124.8370   6.2133   4.0593   2.4236  17.0424  12.5879   8.0451  13.8851  29.7567  20.2347  11.9727  42.3561   5.9914   3.1887   5.5610  21.9083   5.0581   3.4111   6.6978   3.4506 
17  14.5283 259 -38.0157  10.5900   4.2596 -10.3706 -15.2116 -12.5705  -9.0007   0.9684   1.0774  -5.0421  -0.6894  -0.4613  -4.3161 -14.8037  -7.0231 -10.4761  -7.8614  -0.5744  -3.8305  -9.9985  -8.5822  -0.3122  -5.5395   9.4675  -6.3554  10.1438  -1.7731  10.3031  -1.1071  14.1475   9.5972  42.2361   6.8954  13.2581   1.9144   2.2977   0.9168   1.6048 110.1996   5.4932   3.8778   2.7438  11.0666  14.1637  11.6207  10.4527  37.7959  20.4768  11.0701  22.4076   4.7227   2.3403   4.8712  30.3405   5.9003   2.5721  12.8080   3.5283 
18  13.8271 266 -37.9727  11.0099   4.2623 -10.4608 -14.9687 -13.2264  -9.1203   1.2653   1.2247  -7.0804  -0.0675  -0.9112  -4.3539 -14.8776  -7.1469 -11.6756  -7.9601  -0.6910  -2.6186 -10.4066  -7.8119  -0.2392  -5.3875   9.1920  -6.2221   9.6151  -2.3057  10.5346  -0.9358  15.1370   8.4157  47.7410   6.2064  12.3774   1.2339   3.4824   0.8206   1.5427  82.0846   6.6563   3.7003   3.4360  11.6737  12.9596  12.7114   7.0075  48.1240  23.8659   8.0979  26.0025   3.2820   2.4701   4.8458  21.4833   6.0314   2.8542  12.9772   3.7641 
19  14.7673 277 -38.3041  11.3027   2.3498 -10.9436 -15.6398 -13.4299  -8.7160   1.2898   1.1403  -4.4768   0.0307  -1.4958  -4.8470 -16.0914  -6.5723 -11.4972  -6.8891  -1.3121  -2.6287 -10.2326  -8.2276  -0.4362  -5.6860   8.6236  -5.4623   9.3853  -1.7664  10.3523  -1.0361  14.6584   6.4604  44.1633   4.5504  14.7253   1.9744   2.0952   0.9703   1.3639 112.3332   9.5049   3.7139   3.8639  16.5561  10.5018  10.1641   5.7330  67.8278  25.6413   4.9960  19.0175   3.0572   1.4590   4.2801  19.2214   5.7214   3.2496   7.7338   2.7139 
20  11.2988 276 -38.1481  11.2589  -0.4634 -11.6941 -16.4297 -13.6252  -8.5050   1.2308   1.1828  -5.0781  -0.1686  -1.3103  -5.0476 -15.8024  -5.3283 -11.3928  -6.5439  -0.4549  -3.8174 -10.5124  -8.6582  -0.4500  -5.8557   9.3371  -5.0912  10.1155  -1.5775  10.6017  -0.7108  12.9158   4.4693  42.0250   4.4340  10.9789   1.2741   1.9379   1.1410   0.8255  68.0293   6.1394   4.1936   2.7539  13.0167   7.0332  13.1745   6.3757  52.2458  17.5118   3.7480  18.9921   2.4951   0.8078   6.2617  10.7484   4.5369   2.9415   4.4845   2.1740 
21   9.4638 281 -37.9103  11.3999   1.7726 -11.5731 -15.8348 -13.7073  -8.1712   1.2023   1.0370  -1.6830  -1.0456  -0.8850  -4.8227 -16.2791  -5.3707 -10.3632  -5.8766  -0.1434  -3.7515 -10.5296  -8.3941  -0.7853  -5.7272   9.0522  -5.4488  10.7236  -1.5828  10.6249  -1.0597   8.7500   5.3459  30.9422   4.2097   7.0460   1.1376   1.9656   0.8683   0.5250  47.1856   5.3970   4.5587   2.6918  12.8792   8.8284  10.4127   6.8480  42.2955  18.7804   3.5147  19.3385   2.7676   0.6411   6.6612   8.8073   4.4598   1.9980   4.0962   1.4980 
22   7.7644 291 -36.6389  11.2099   0.6582 -10.6844 -15.9325 -13.5876  -7.6522   0.9919   1.1095  -1.9775  -1.0324  -0.1831  -4.9975 -16.8907  -6.1490 -10.5147  -6.6602  -0.4442  -4.7808 -10.3543  -7.1735  -0.5982  -5.8486   9.5180  -5.0587  11.0664  -2.0309  11.1037  -1.0294   7.1469   4.2625  38.2093   2.7306   6.3520   0.8403   1.6320   0.8882   0.4248  23.8538   3.6472   3.3208   2.1041  15.2271  10.6252   9.2623   5.2704  25.3313  16.0600   4.6558  17.2091   1.9177   0.4198   7.1543   6.3075   2.7358   2.6684   3.4117   1.4981 
23   6.5012 307 -36.3583  11.9192  -0.9647 -11.1082 -15.9950 -13.6078  -7.4339   0.3788   1.3091  -1.5528  -1.0934   0.3719  -5.0597 -17.0005  -7.3528 -10.6585  -6.7374  -0.0903  -5.2788 -10.8289  -7.2944  -1.0823  -5.6895   9.6999  -4.9966  10.9265  -2.3567  11.4932  -0.9384   7.6294   3.6713  42.9114   3.0717   7.1312   0.5300   1.3875   0.6753   0.4034  13.2043   2.9397   2.8203   2.1503   9.1863   5.1248   8.9999   4.6942  18.8041  14.5051   2.9243  15.1769   1.2033   0.4550   4.7280   2.9530   3.5859   3.7926   2.5534   1.3210 
24   6.3128 288 -36.0714  12.2921  -2.6714 -10.9232 -16.3663 -13.6038  -7.7011   0.3835   1.0652  -1.3634  -0.4625   0.5361  -5.0665 -16.8433  -7.2935 -10.1935  -6.8321  -0.4701  -3.8075 -10.7703  -7.6083  -1.1405  -5.7618   9.8319  -5.2366  10.9904  -2.8058  11.1257  -0.9600   5.2626   2.9509  56.2435   2.8941   7.5369   0.4367   2.0444   0.5809   0.3107   7.3493   3.9423   3.3637   1.6493   7.7900   6.0814   6.5581   3.6132  16.0847  15.3511   3.9024  11.2033   1.1312   0.4505   3.3647   2.8573   2.6923   3.9070   2.6109   0.9080 
25   6.8190 298 -38.8116  13.2075  -2.3247 -11.2669 -18.0303 -14.3899  -8.5513   0.2716   1.1587  -1.5359   0.2403   0.6326  -5.3478 -16.5693  -7.6273 -10.0042  -6.9804   0.2438  -5.8447 -11.3660  -7.0100  -0.9866  -6.1435  10.1534  -4.5881  12.1515  -2.7986  11.7433  -1.0586  13.7261   4.6279  48.1282   4.6797   8.8573   1.7612   2.1510   0.4277   0.4771  11.3986   6.7093   3.1605   2.4266   6.4199   4.7190   4.6450   5.1349  17.4833  11.8337   3.4441  12.9032   1.4030   0.7562   5.1245   2.4010   3.6076   4.2600   3.8547   1.2312 
26   7.0876 302 -38.9844  12.6339   0.4240 -11.1781 -17.8530 -14.4460  -8.5030   0.3472   1.1752  -1.3917  -0.3988   0.7758  -5.5892 -17.0701  -8.2323 -10.8612  -6.1948   0.2375  -5.4615 -10.9209  -6.6462  -1.2088  -6.1693  10.3520  -4.4506  11.7563  -2.5517  12.1209  -0.8758  13.9011   2.7241  72.8612   3.3252   6.7659   2.1028   1.9625   0.4147   0.3150  12.1949   7.3931   2.0540   1.7585   9.7346   5.0923   4.4597   6.3406  12.5413   9.9154   3.0520   8.3148   1.5136   0.9175   3.0247   2.3949   2.7599   2.9444   3.8684   0.8919 
27   7.5911 277 -41.0035  13.6089   1.1924 -11.6425 -18.5263 -15.3779  -8.9151   0.1623   1.1428   0.0563  -1.0801   0.3985  -6.1833 -17.6250  -8.4265 -11.7598  -6.8063  -0.5779  -5.4046 -11.3846  -6.1819  -1.4349  -6.4224  10.6768  -4.2643  12.3111  -3.3288  12.6635  -0.8180  24.8126   5.4370  69.3157   4.3381   8.7022   3.6502   1.7501   0.5018   0.2503  13.6509   9.5379   2.0896   1.7783   7.6582   4.7808   4.3125   6.1748  11.9386   7.0602   3.4990   6.6950   1.1920   1.5350   2.3861   2.4875   5.0843   3.4921   4.8761   1.1559 
28   7.4239 309 -43.1212  13.4948   1.6605 -12.1019 -18.8311 -14.9161  -9.3859   0.1527   1.2151   1.3344  -0.1311   0.6749  -6.3018 -16.5481  -8.6885 -12.4386  -7.3757   0.0556  -5.6289 -11.0130  -6.1185  -1.2969  -6.5338  10.7247  -4.2525  11.9643  -2.7683  13.0024  -1.1235  12.2426   5.2958  88.7814   2.8308   8.8768   3.4406   1.7636   0.3458   0.1717  10.8451   7.7294   2.2248   1.1262  13.1869   3.5012   3.8377   5.1798   7.6625   8.4323   2.6674   5.0262   0.8920   1.1115   1.4047   2.3049   4.0700   2.3146   6.7060   1.3208 
29   5.9637 252 -44.1128  13.3976   1.8133 -11.8762 -18.6372 -14.7696  -9.6371   0.2487   1.2800   1.6792   0.4575   0.7145  -6.5938 -17.7500  -9.1998 -12.4831  -7.6036   0.1850  -5.7863 -10.4968  -5.9743  -1.5212  -6.4385  11.0449  -4.1090  12.2442  -2.9294  12.8343  -0.6444   9.5256   6.6711  57.0799   2.1161  12.2627   2.5342   2.1867   0.3636   0.2283  10.1298   7.6916   2.4225   1.1111  11.3353   2.6215   2.4266   4.8214   6.4333   7.5357   2.3488   2.9578   0.6152   0.8233   1.1700   1.4408   3.4188   2.6396   7.2330   0.8037 
30   4.7668 302 -43.3533  13.1926   3.0892 -11.6666 -18.4906 -14.3970  -9.3701   0.0686   1.3013   2.0412   1.3714   0.6429  -6.2742 -18.2147  -8.9445 -12.6013  -7.7600   0.4144  -5.9362 -10.7438  -5.6271  -1.6780  -6.3240  10.7285  -3.8974  12.3847  -2.7108  13.8245  -0.6447   6.5283   4.6842  37.8257   2.1962  11.9743   1.6724   1.5938   0.2976   0.2683   8.0263   5.7525   1.3759   1.7949  13.1736   2.0194   3.4153   4.5624   3.9142   5.6357   2.1283   4.2328   0.4768   0.7240   1.2706   1.4385   2.5029   1.6774   6.3555   0.7203 
31   5.6004 267 -46.1880  13.4971   3.0497 -12.4500 -19.4644 -15.2063  -9.9525   0.1474   1.4598   2.8308   1.1241   0.6942  -6.8367 -19.0819  -9.5500 -13.5894  -8.0003   0.3858  -6.3800 -11.1969  -6.4237  -1.7859  -6.9954  11.2330  -3.5478  13.0167  -2.8159  14.3646  -0.8021  21.9007   4.6451  26.2044   3.1717  14.9768   3.4660   2.1413   0.2872   0.3040   9.4034   7.0576   1.7710   2.5055  15.0185   2.7669   4.4106   4.4647   3.4276   6.5900   2.3582   4.4948   0.3404   1.2122   1.9205   1.2702   2.8235   1.5259  11.0702   0.8814 
32   4.6265 335 -46.2400  13.7836   3.8043 -12.8674 -19.8535 -14.9201  -9.7415   0.1912   1.4602   3.4228   2.0343   0.8260  -6.4618 -20.5526  -9.1938 -13.4901  -8.0643  -0.3714  -5.9862 -11.9506  -6.2959  -1.8895  -6.9509  11.2268  -3.7323  13.2983  -2.8854  15.7351  -0.8630  19.5852   5.0490  17.7428   2.7856  10.8146   3.3796   1.7138   0.3399   0.2233   8.7707   6.6557   1.6285   1.8710  12.0942   1.7071   3.9302   3.4245   2.4053   4.4163   2.3632   7.1414   0.2561   0.8154   1.7398   1.1723   2.1055   1.1667   8.1036   0.7666 
33   4.6277 265 -45.7991  13.8542   3.1521 -12.5671 -20.2695 -14.9663  -9.7655   0.1277   1.3458   4.6218   1.5108   0.5369  -6.0673 -20.6843  -9.1947 -13.3579  -8.4723  -0.2636  -6.1487 -12.0145  -5.6376  -1.8030  -7.0776  10.9961  -4.0631  13.4627  -3.1564  15.9348  -0.7181  21.8594   6.8004  21.7220   2.5459   9.3626   3.9588   1.8953   0.3656   0.1848   5.5508   7.8261   1.0631   1.6040  11.5079   1.2474   4.4273   1.8826   2.0608   5.4527   1.8156   6.8887   0.2166   0.8147   1.5719   0.8231   1.6021   1.0932   7.5291   0.5316 
34   4.7384 326 -46.2150  13.6743   2.6023 -12.0113 -19.5238 -14.8450  -9.8828   0.2772   1.3665   5.2037   1.3389   0.1867  -5.8430 -21.4528  -9.0090 -13.4253  -8.5838  -0.5642  -6.5415 -12.1116  -5.7876  -1.7804  -6.9692  10.9794  -3.5957  13.5177  -2.9414  16.3736  -0.8457  26.3864   4.1543  25.9103   1.9819   6.8312   4.8720   1.0058   0.5623   0.1118   6.1127  10.4305   1.1085   1.1659   8.3009   1.1286   4.1301   3.3589   2.9970   4.9005   1.7748   8.7081   0.2125   0.5924   2.0741   0.7703   1.7342   0.8743   4.8031   0.4199 
35   4.1821 285 -46.9873  13.2918   0.6375 -11.9178 -19.0975 -15.0975  -9.5984   0.5258   1.3352   5.2890   1.9682  -0.2012  -5.9750 -20.4079  -9.0959 -12.8082  -8.7073  -0.6849  -7.1703 -12.0909  -6.3051  -1.7684  -6.9908  10.8561  -3.5587  13.9710  -2.9086  16.7735  -0.7953  18.3242   3.3532  13.5568   2.9044   5.5706   6.3710   0.8876   0.3900   0.0721   4.5731  14.9726   1.0134   1.2112   6.5135   1.0634   2.8035   3.4523   2.3485   6.9967   1.6531  11.1327   0.2587   0.8714   2.3384   0.7502   2.2099   0.8494   4.3592   0.4798 
36   3.8175 302 -47.2095  12.8129   0.7931 -12.5039 -19.0956 -14.1001  -9.4053   0.6090   1.3558   5.1802   2.2636  -0.0534  -6.1810 -20.9402  -9.3502 -13.0461  -8.3914  -1.0609  -7.9214 -12.4742  -5.8052  -1.6970  -7.1657  11.2372  -3.3444  13.8027  -3.1657  17.3474  -0.9981  17.4624   3.6095  11.4085   2.1852   3.3029   4.4302   0.6605   0.2332   0.0768   5.2183  13.6646   0.6459   1.0266   7.0244   0.7484   2.5974   2.6726   1.8589   6.5866   1.3910  11.4202   0.3509   0.6177   1.3840   0.6297   2.0552   0.4923   6.6080   0.3448 
37   4.8328 296 -50.4859  13.8403   2.2307 -13.6165 -19.9120 -15.6343 -10.1284   0.5986   1.4458   5.3444   1.9191  -0.1243  -6.2455 -22.5269  -9.7303 -13.5918  -8.7584  -1.0594  -8.4543 -13.5301  -6.0490  -1.6412  -7.3680  12.0396  -3.6168  15.1483  -3.3943  18.1255  -1.0521  27.1944   3.7517  11.6034   3.1774   5.3991   8.0509   1.1256   0.3232   0.1013   5.7064  16.5632   0.4884   1.1655  11.1396   0.9951   3.8089   3.1381   2.0188   4.1467   2.8121   8.9422   0.4153   0.6696   2.2785   0.4029   4.7900   0.5296   9.0433   0.3694 
38   4.7260 358 -50.5068  14.1172   1.9336 -13.3131 -20.8535 -14.6103  -9.9981   0.5623   1.3432   5.2110   2.0400  -0.2840  -5.9778 -23.1448 -10.0132 -13.8396  -8.7341  -1.2498  -8.8634 -13.5236  -6.8320  -1.6699  -7.3680  12.1222  -3.6906  15.0145  -3.2940  18.5012  -0.9316  25.6745   2.3852  10.5157   3.1400   4.5031   4.3499   1.8154   0.3935   0.0953  10.6901  17.8351   0.2692   1.0670  15.1238   0.7149   3.0414   2.2907   1.9029   3.4127   2.4537   7.6128   0.3409   0.4221   1.7889   0.2707   4.2628   0.2649  10.0919   0.3248 
39   5.4712 277 -52.5912  14.7600   1.9524 -14.2418 -21.6672 -14.4922 -10.2196   0.7098   1.4291   4.8698   1.2431  -0.2521  -6.3055 -24.7601 -10.5055 -14.1545  -9.0103  -1.5128  -9.5422 -14.2348  -7.3283  -1.7621  -7.7134  12.5461  -3.7692  15.9276  -3.3793  19.9953  -1.0357  34.0129   2.9502   7.6849   4.4852   9.4074   4.3374   2.3550   0.4743   0.0936  13.9221  19.4138   0.2866   1.4743  13.5096   1.3471   3.9552   2.4107   1.9631   3.6917   3.0984   6.2373   0.3391   0.7748   2.0785   0.5084   6.2495   0.2309  11.1258   0.2478 
40   5.2609 292 -54.4599  14.8296   2.5868 -14.1933 -20.6865 -14.7203 -10.2603   0.7457   1.5561   4.6545   1.3545  -0.3167  -6.4927 -24.1128 -10.5262 -14.6560  -9.0195  -1.1682  -9.1820 -14.6675  -7.5683  -1.7839  -7.8025  12.6851  -3.7474  15.9516  -3.4126  20.3603  -0.8960  28.0980   5.3963   6.2204   4.6870  13.9464   3.0018   1.8115   0.2785   0.0708  14.6618  17.3592   0.2404   1.4699  21.2850   0.9193   3.2135   2.3857   1.3647   4.0155   1.9751   5.3894   0.2823   0.8543   1.7165   0.4157   3.7796   0.1505   7.3386   0.2380 
41   4.4775 315 -53.9309  14.2325   3.0151 -14.1969 -21.2712 -14.2748 -10.4240   0.7664   1.5365   4.8455   1.2089  -0.1602  -6.0789 -23.4013 -10.7508 -14.9323  -9.0967  -0.9468  -9.7475 -14.3622  -7.3951  -1.8419  -7.9116  12.8778  -3.8934  15.7893  -3.4864  20.1259  -0.7887  20.9327   6.1736   6.5709   5.2270   9.6710   2.9285   1.5855   0.1864   0.0709  12.1409  15.0769   0.2400   1.3940  22.1679   1.0670   2.6108   1.7447   1.4733   3.0391   2.0829   3.3194   0.2402   0.7123   1.4231   0.4318   2.4555   0.1268   4.6074   0.1473 
42   6.4432 265 -58.1169  15.0280   2.3849 -15.3565 -22.5405 -15.5579 -11.1950   0.7910   1.5632   5.7992   2.1307  -0.2345  -6.6502 -26.4712 -11.2934 -16.4978 -10.4414  -1.2282 -10.2215 -15.1319  -8.2684  -1.9292  -8.5192  13.9874  -4.0894  17.0450  -3.6373  20.6434  -0.8389  46.6800   6.7122   7.0803   5.1853  17.5618   3.7705   1.8724   0.1830   0.0790  17.0416  18.5099   0.1824   2.4307  25.3891   2.1769   4.1489   2.1266   1.4890   4.0929   2.7717   2.8922   0.3208   1.0490   2.9384   0.5622   3.4325   0.1918   5.8565   0.1248 
43   6.3888 296 -56.4786  14.8062   2.3831 -15.9623 -23.1434 -15.9333 -10.9742   0.6988   1.5570   4.9818   1.6046  -0.2021  -6.7420 -25.5273 -11.0438 -16.5836 -10.1330  -1.1186 -10.3639 -15.3004  -8.8116  -1.9393  -8.3323  13.7427  -3.8814  17.0215  -3.5482  20.6262  -0.8752  57.3564   4.3156  10.2494   3.7916  10.9920   6.2090   2.3791   0.1780   0.0701  21.2094  17.4781   0.1642   2.2058  17.3571   2.0857   2.5754   1.3281   1.0593   2.9503   2.2737   2.2268   0.2609   1.2750   2.1318   0.5727   6.4563   0.1463   5.8598   0.1187 
44   4.9547 264 -57.9972  14.7814   2.7015 -15.6090 -23.3283 -15.8966 -11.2865   0.6920   1.6524   5.4410   2.6621  -0.2182  -7.0889 -24.4356 -10.9600 -17.1565  -9.8987  -1.3433 -10.8660 -15.2419  -8.5821  -1.9791  -8.1704  14.0955  -3.9490  18.2605  -3.6494  20.5715  -0.8300  36.2223   2.9677   6.7171   5.8421  12.2232   6.0122   3.8390   0.1907   0.0720  14.4594  15.4014   0.2107   1.1180  12.6898   1.5703   1.3503   1.0010   1.2862   2.2872   2.0176   1.7439   0.2026   0.9890   1.3234   0.5356   5.9065   0.1475   5.2722   0.0874 
45   7.0943 331 -60.9066  15.2401   2.4680 -16.1071 -24.5201 -17.3600 -11.4889   0.8143   1.8373   6.2191   2.1219  -0.2233  -7.6688 -25.0679 -11.3123 -17.5892 -10.6676  -1.3108 -11.1819 -15.8980  -9.0133  -2.0803  -8.5699  14.9522  -4.1233  18.8251  -3.8435  21.7830  -0.8263  50.2435   5.0212   5.1662   4.9064  22.0337   6.2364   4.9613   0.2084   0.0709  32.1793  15.9913   0.1765   1.7917  20.7915   2.2995   2.9614   1.9962   0.8677   2.7477   2.7282   2.4023   0.1967   1.4830   2.3616   0.7950   8.3634   0.2823   6.3975   0.0753 
46   6.4648 279 -60.8126  14.7794   2.3936 -15.8393 -23.4131 -17.6150 -11.5732   0.7661   1.8193   6.3450   2.4823  -0.2534  -7.6339 -24.7809 -11.3208 -17.6647 -10.7524  -1.3883 -11.4787 -16.2255  -9.0519  -2.2541  -8.4360  14.3671  -4.0820  17.6729  -3.8231  21.1222  -0.9112  45.3055   3.1559   5.0923   5.4482  22.6932   5.2286   4.2736   0.1586   0.1035  25.5736   9.7406   0.2339   1.5685  21.8218   1.5694   3.1159   1.7028   0.8715   2.6317   2.1541   3.3040   0.2119   1.5879   3.4334   0.7467   8.3553   0.1936   7.0862   0.1153 
47   5.6965 310 -59.6262  14.4149   2.3502 -16.0628 -21.3239 -17.6732 -11.9162   0.8578   1.8213   4.6792   2.4246  -0.2075  -7.7386 -25.1330 -11.1659 -17.6567 -10.3689  -1.4530 -11.1961 -16.0098  -9.7121  -2.1380  -8.6033  14.1950  -4.2127  16.7995  -3.8070  20.1394  -0.9759  39.8491   2.9166   4.4085   6.0574  20.3033   4.9457   3.9211   0.1506   0.0712  20.8468   7.6553   0.2346   1.1048  19.4852   1.2819   2.6296   1.4627   1.0525   2.2486   1.4314   3.3801   0.2142   1.6584   3.5736   0.7107   6.6910   0.1859   6.6483   0.0791 
48   4.5821 314 -60.9213  14.6535   2.2185 -16.3300 -21.0570 -18.2406 -12.3481   0.8685   1.8863   4.8946   1.9657  -0.2563  -7.8053 -26.7335 -10.8382 -17.6064 -10.4928  -1.4880 -11.3432 -16.0394  -9.2150  -2.1984  -8.8491  14.2545  -3.9598  16.6838  -3.8174  19.9753  -0.9757  22.3385   2.0844   2.9386   4.0956  19.5444   5.8874   6.3201   0.1839   0.0866  14.7176   7.5005   0.1910   0.9852  15.1315   0.9586   2.5734   1.0720   0.8562   2.8688   1.5698   2.6474   0.2501   1.9539   3.4581   0.6859   5.5279   0.1554   6.2317   0.0662 
49   6.2401 284 -64.1869  15.9485   2.4532 -17.5921 -23.4145 -19.9119 -12.9236   1.0124   1.9987   5.1792   2.2894  -0.2659  -8.1897 -27.6251 -11.6952 -18.3572 -11.1542  -1.6604 -12.7628 -17.2687  -9.8097  -2.4634  -9.1685  15.2321  -4.2120  17.1435  -4.0253  21.1919  -0.9843  44.3079   3.0124   4.4707   5.2342  23.5855   6.8228   5.4504   0.1865   0.0654  18.8679   8.3259   0.1819   1.0107  18.9503   1.7798   4.7189   2.1707   0.5716   4.3550   3.1073   3.6423   0.2523   2.0833   3.8305   0.8632   5.5341   0.2394   7.2677   0.0744 
