10 20 29
0  79.2231 44  -5.8704  -0.3914   3.5398  -3.4789  -2.2708  -3.5084  -5.7349   0.6713   3.3200   0.7817   1.0251  -1.1348  -2.5618  -2.8074  -1.8527   0.0208  -2.7826  -4.0616  -0.9712   0.9689  -0.9773  -0.7406  -1.9699   4.0828  -2.2382  -1.0168  -3.5150   0.9494   0.4604  62.0062  62.4545  70.7792  65.4734  82.3137  67.5752 107.7265  71.5813 131.3221  77.8598  75.9768 100.3708  79.1317  57.6495  82.6419  62.6577  89.3119  61.3035  68.0494  88.3435  86.3331 112.7360  89.9121  55.5710  96.8395  65.5961  72.8302  63.9693  89.1546 
1  73.2572 91 -12.2291  -0.4530   2.6547  -7.4725  -5.2511  -6.9979  -8.4740   3.4629   9.2469   0.5439  -0.8968  -1.0256  -2.1702  -3.7504  -3.3576   0.8383  -6.6957  -5.8022  -2.1048  -0.8636   4.3776   3.5167  -4.8238   2.6764  -1.4826   3.5405  -4.4721   0.2096   0.4588  52.5381  50.2820  40.1595  60.1544  65.6789  41.9262  90.2071  57.7953 114.6404  76.8085  72.2197 107.8303  83.0601  55.0685  99.6915  71.7998  82.4335  50.9018  57.3255 103.6291  67.0548  69.3710 102.3899  74.4357  80.4439  70.8387  79.0060  48.1141  98.6543 
2  63.6803 131 -17.1813   0.0001   1.8842  -9.4949  -9.8958  -7.2375  -9.9611   3.7118   6.8661   0.7666  -1.5551   0.9142  -1.6533  -3.5165  -3.4978  -0.3167  -9.0698  -5.1505  -3.4224  -4.1679   4.2323   5.2291  -8.0556   5.3424  -1.3247   4.9617  -3.4706   2.5754  -0.6639  44.7022  35.5736  32.5642  45.8797  35.6114  32.2612  82.6882  55.7350 101.7451  71.0237  41.3825 110.0253  85.7787  47.4191  78.4826  88.3329  88.5203  58.9306  37.8488  96.9635  61.0420  56.2282  99.4069  42.6087  96.3572  56.2705  56.7296  25.6593  80.9580 
3  55.5865 166 -20.4319   1.5347   0.6406  -9.7932 -12.0786  -9.6587  -9.0297   3.7353   8.2303   1.2410  -1.5704  -0.7367  -3.8913  -4.4034  -3.1775  -5.9686  -9.8845  -3.7885  -3.8301   0.0002   5.0550   6.5515  -8.7785   6.8483  -0.5338   4.6903  -1.8406   3.7359  -0.8893  53.2750  28.1298  29.0016  28.8638  29.6914  18.9256  47.1012  44.3304  89.3650  61.0736  32.0198  93.3077  74.3388  50.3196  65.0553 104.7536  94.4961  35.5025  25.6019  77.7184  46.9812  47.6970 102.8877  33.7684  92.9267  46.3949  61.3204  41.0791  56.0826 
4  52.7404 237 -26.1948   2.1294   0.4501 -10.8833 -14.4327 -10.8554  -9.9659   2.0093   8.8149   1.3982  -2.4086  -1.6930  -5.0727  -5.4042  -4.2828  -4.6393 -10.7967  -3.7410  -3.6152  -0.8992   2.8791   6.0394 -12.1827   6.3366   0.1696   7.2008  -2.8621   3.1933  -3.5625  54.8309  43.9725  18.6781  29.4383  32.3290  23.0713  41.0094  47.4389  81.7817  49.3453  21.6576  91.6431  94.7359  71.4525  45.0967 138.0354  64.9308  49.8922  19.3553  50.0374  49.4892  55.1798 108.3826  23.4472  65.9493  42.7554  45.4267  43.3392  26.7705 
5  52.5407 316 -32.2412   3.9035   0.0084 -12.3503 -17.2930 -14.0985 -12.3137   1.7748   9.2087   0.2025  -2.3085  -0.7452  -5.5763  -5.1501  -4.2513  -4.3450 -11.6435  -3.9356  -5.3448   1.7763   2.7273   7.2957 -12.7850   8.7437  -3.3154   8.7481  -1.8543   3.9319  -4.7119  91.8084  54.6039  19.6914  30.2187  32.3768  26.7518  42.0798  61.5687  77.1515  32.0139  18.2357 103.8706 145.9711  94.1676  43.8747 102.5836  65.0727  37.6647  21.2867  41.9770  58.8616  60.0884  82.7193  19.9156  50.1605  26.9013  38.7136  26.9806  16.3714 
6  46.3733 236 -35.1965   2.2783  -0.2701 -13.2689 -18.1495 -14.4925 -13.0207   1.8871   4.7494  -0.6003  -1.4091  -1.0496 -10.2165  -4.4664  -4.8513  -5.5781 -13.7771  -3.6392  -5.5250   1.7885   4.4294   5.4833 -13.7050   8.9581  -3.1817   9.5090  -3.6746   4.2838  -6.1734  88.2061  71.3903  12.5211  28.7449  50.0701  14.1996  41.5697  61.7854  61.3597  39.2138   9.4284  59.5014 100.9285  79.3701  42.4585 100.2849  40.9690  43.0829  12.1448  38.8439  71.9828  41.2512  76.8800  25.6849  41.7850  24.5000  31.3419  24.2883  11.0380 
7  38.5390 271 -37.8431   4.1310  -0.5276 -12.1204 -20.0861 -14.4953 -12.0053   2.4788   4.1475  -0.2154  -1.6132  -1.9801 -10.9392  -6.6758  -6.1702  -7.8407 -14.2862  -5.7567  -4.8249   2.3082   2.2719   4.6980 -15.6862   8.9752  -2.9359   8.2045  -5.8143   4.5664  -6.3415  64.1462  60.4767   6.9338  21.1948  29.2506  16.1399  38.7682  61.4351  34.2748  22.3196   7.6609  58.3394  79.0575  48.7769  31.2250  74.2806  37.9586  37.2000  10.6302  44.9135  83.1103  33.7391  80.5805  23.2772  30.5258  25.0318  24.9524  19.9008  11.5298 
8  36.0225 260 -42.8230   5.4553  -1.0091 -12.4911 -22.5908 -16.7056 -12.1623   3.7106   5.6311   0.8989  -0.9239  -5.6579 -11.1394  -7.3832  -5.8433 -10.2000 -15.5583  -6.6543  -5.8500   2.8812   2.0741   2.8706 -19.1337   8.9218  -1.9978   9.1484  -5.7381   2.8768  -5.9749  57.4395  62.9128   9.2262  22.5612  28.2176  16.2713  22.9295  64.4074  29.0684  23.5875   5.2226  57.6082  81.4390  59.3375  23.8028  46.5706  39.5119  40.5973   9.5618  39.8929  67.9926  32.6499  87.1029  17.5979  27.3359  20.3667  20.0580  18.1871  13.1948 
9  30.7544 302 -45.3272   3.8112  -0.2626 -13.2478 -21.6243 -18.1315 -10.3637   4.3199   3.5679   1.0097  -1.2546  -6.7984 -11.2316  -9.1562  -5.0805  -9.9549 -13.2053  -8.2277  -6.9101   4.8130   0.5582   3.5456 -18.7328   9.3973  -2.1840  10.2663  -6.1137   3.2565  -5.7627  49.5927  55.9973   8.3506  36.8690  38.1016   9.3707  19.9934  57.1277  19.4571  20.5840   2.4240  33.2336  82.6743  40.2273  23.0345  42.6880  36.9084  47.4476   9.2017  23.4840  43.4597  25.5594  59.7649  17.0611  25.4582  14.2873  21.7071  15.8347  11.9767 
10  26.5451 303 -45.6162   3.3606  -0.4848 -12.9193 -22.8774 -19.4100  -9.1955   2.5495   4.1072   0.8499  -1.2427  -5.1508 -10.8732  -9.9691  -6.0923 -10.2641 -16.1203  -8.6307  -6.4070   4.7780   2.7322   4.8449 -17.1556   9.6418  -2.2788  10.8105  -7.2037   4.1848  -5.1707  47.8975  51.3542  10.1522  29.4753  65.8873   7.4306  10.6367  38.7563  13.9647  26.3628   2.0953  19.2254  52.7363  29.2223  18.6959  35.6610  30.0625  44.2473   6.5821  21.6935  35.2779  30.9121  42.4402   9.9420  31.7633  10.2420  18.1074  14.7669  14.2152 
11  25.2789 327 -46.4662   2.0946   0.2264 -12.1897 -27.6682 -18.6662 -10.0521   2.0513   3.6070  -1.2069  -1.2372  -4.7025  -9.8495  -8.8179  -6.6912  -9.3379 -15.0055  -7.1761  -6.0817   4.7056   2.6597   6.4445 -15.0097  10.3585  -1.5701  10.3559  -7.4581   3.3806  -6.0374  41.7466  60.7747  11.8814  22.7207  53.1978   4.7902   9.7256  24.3325  15.3742  24.0396   1.7928  13.7983  83.1289  25.4158  15.7605  29.1800  17.7695  48.2703   5.8464  25.0673  35.0237  28.6045  31.4492   7.4776  32.2140  11.2273  17.7090  12.4537  22.3166 
12  23.3476 309 -47.0860   1.3657  -0.6851 -13.7622 -27.1252 -19.4942  -9.1286   2.9857   4.2418  -1.0228  -1.3760  -4.7556  -9.5516 -10.4022  -6.2261  -7.0111 -14.9133  -7.9256  -6.1139   5.4117   2.2682   6.4116 -16.8909  10.7063  -1.4244  10.4474  -6.4887   3.2266  -5.7236  32.2645  52.4774  11.6215  22.8451  64.3402   3.5456   8.1949  23.4173  15.0417  19.9538   1.8810  18.0701  45.7228  18.8340  15.7289  70.9853  14.0170  40.6814   7.6466  24.7476  34.0674  22.7162  18.2502   8.4773  18.8889  10.4910  20.2268  11.0239  20.9211 
13  20.9304 331 -48.1179   2.3315  -0.4123 -11.9312 -24.5526 -19.8185  -9.2110   2.5814   3.8742  -1.2089  -1.4983  -5.5014  -9.3224 -11.5600  -6.4759  -6.9941 -14.6181  -7.4815  -6.8737   5.4195   3.6482   7.5612 -18.6256  10.6094  -1.0192   9.8195  -5.9161   3.1819  -5.0510  17.9865  42.1274   9.3920  12.6420  41.7443   2.4516   6.3432  28.7844  14.7241  17.6650   2.0471  17.7939  63.1175  24.8532   9.7172  44.1265  12.2069  37.5490   9.3979  28.0853  45.5772  22.4097  20.4891   6.7217  19.4148   6.2927  22.8494   9.7508  10.7220 
14  18.3839 284 -48.7961   2.7873   0.2582 -13.0022 -23.8460 -20.2435  -9.1261   3.4420   5.0177  -0.3314  -1.8466  -5.7385  -7.0696 -11.0014  -7.0087  -7.3958 -14.4800  -4.6452  -6.8119   5.3017   2.9359   8.9627 -18.3941  10.0352  -2.3436   9.7726  -5.8046   3.3279  -5.1892  19.3889  41.6873   9.2110   7.9094  40.4367   2.2161   5.1493  22.5956   9.7737  13.9314   1.7068  18.2013  43.1644  17.6459   7.8038  43.5768  12.1762  29.2461   9.7586  22.2074  59.8285  17.3715  19.5248   6.8210  16.2364   4.1635  12.1985   5.7068  13.4964 
15  16.7061 301 -48.6555   2.0128   0.3500 -12.5554 -23.9683 -20.0672  -8.7015   4.1477   4.7817  -0.6407  -1.9020  -6.4035  -9.1678 -11.1208  -6.5000  -7.6330 -15.4862  -3.8381  -6.2107   5.9782   1.4778   9.4290 -17.4263   9.6380  -0.1261   9.9186  -6.0556   3.1680  -4.7622  17.3647  40.1276  10.1866   8.2280  33.3485   2.2044   3.5180  15.2283   8.6837  11.7370   1.4299  16.7532  31.1461  15.8752   8.0040  43.5724  12.0081  24.8640  15.7963  17.2921  47.2542  20.9896  19.2309   7.1054  16.7929   3.3389  10.1407   5.4689  16.7862 
16  15.7320 321 -49.4091   4.3039   0.1777 -12.0363 -24.2252 -20.2119  -8.6790   5.0490   5.1290  -1.0306  -2.0313  -6.4048 -10.3635 -11.0412  -6.1063  -9.2280 -16.3418  -2.9717  -7.5263   5.2193   4.8492   9.0674 -18.3870   9.7201  -0.0740   9.6964  -6.0968   3.1263  -5.5107  10.8993  35.3674  13.3368   6.0984  23.2118   1.2899   3.9652  13.2063   7.2374  15.8909   1.5620  24.4781  22.0095  16.9125   8.0727  52.7526   5.7514  23.4293  15.2369  21.9082  47.0180  15.4184  13.7795   5.5494  20.1932   2.4679  11.7894   5.6901  11.7058 
17  14.0296 301 -50.4114   4.5649  -0.6288 -11.3995 -23.9815 -20.3718  -9.1581   5.7215   4.8919  -0.2479  -2.1303  -6.5384  -8.4888 -11.4109  -6.7119 -10.9728 -16.3664  -3.9966  -7.3650   4.0742   3.0103  10.5899 -18.0320   8.9401  -1.4593   9.9527  -4.8842   3.0946  -4.4440   8.2261  26.4051  14.7468   4.2849  28.7178   0.8607   5.6917  12.2970   5.7642  11.3566   1.7753  23.0451  20.3656  22.1277  11.0026  43.4365   3.6525  21.7659  11.3962  21.5915  31.5433  16.8984   8.5096   4.2399  16.8379   1.8847  13.7634   6.3795   8.2919 
18  13.7444 291 -50.2272   4.0825  -2.0462 -11.2541 -24.4987 -20.2819  -9.7828   5.5063   4.6497  -0.5041  -2.0024  -6.5726  -7.0937 -11.7593  -6.4108 -15.1839 -16.0336  -6.0305  -8.2559   3.3945   3.8247   9.5909 -18.7433   9.0803  -2.4433  10.2363  -4.5330   2.9615  -3.5639  10.9134  26.1558  13.5993   2.9976  41.9837   0.6159   4.1676  15.0508   6.2808  11.7392   1.9266  18.4420  16.6262  23.4456   8.3642  36.1323   3.9844  16.0717   7.0095  14.2321  47.2844  11.9609  13.4515   3.0558  14.9983   1.4794  10.8486   6.7831   8.9858 
19  19.1561 325 -55.9207   5.1339  -2.1392 -12.5033 -30.2305 -22.7032 -11.4915   6.8472   4.9677  -0.7351  -1.6635  -6.8341  -6.9373 -12.6484  -7.2549 -14.3409 -17.4286  -6.3753  -9.8914   3.6506   4.9533  10.6820 -21.4293  10.6287  -3.1299  11.7252  -5.1900   2.8887  -3.3286  80.9014  35.6313  19.0186   6.3819  68.9566  12.3878   6.9143  16.2626   5.0150   7.7932   2.7112  20.0879  16.4068  20.1311  10.4720  44.5279  10.0643  15.0872   9.5721  11.9751  28.9711  12.7933  22.7024   6.1325  11.7389   4.7694  15.0316  14.6531  18.4356 
20  17.2977 358 -55.2504   5.9093   0.0124 -12.2957 -27.9576 -23.4781 -11.9377   6.9539   5.4208  -0.5711  -1.6174  -5.9089  -7.7544 -11.9927  -6.3501 -14.1516 -17.6569  -6.4402  -8.8228   3.1492   4.5125  10.7066 -20.8681  10.9865  -2.5784  11.9595  -5.7016   3.2125  -2.7962  82.2398  42.7254  12.9873   5.4466  41.4930  23.5850   5.6294  15.8836   5.8821   9.5451   2.0529  19.2221  11.7154  13.7512   6.6213  37.8254  11.9883  13.7279   5.9551  10.0632  24.5048  15.9799  28.9551   6.7793   9.3388   3.4102  10.2433  11.0895  12.9927 
21  16.1178 335 -56.8477   5.7117  -0.1429 -11.7860 -25.4738 -22.4230 -12.1049   6.4311   4.8089  -0.5574  -1.4219  -6.6275  -7.5153 -12.1178  -6.0408 -15.5058 -18.0455  -6.4410  -9.2111   4.5082   4.1181  11.2948 -20.8155  10.5352  -2.3561  11.3668  -5.9103   3.3229  -1.0603  79.4179  38.6710  11.9409   4.0702  24.3570  23.8590   4.7689  17.2699   5.2874  10.6246   1.7793  18.2746  10.4718  13.9799   6.4878  34.8849  13.2281  13.0604   9.3510  10.0862  22.1125  16.1412  22.4306   6.7052   9.0376   2.8017  17.3552   8.7448  10.2177 
22  16.2857 326 -57.4878   5.7260  -0.4656 -11.6314 -24.6411 -22.7892 -12.1834   6.2005   5.0538  -1.2454  -1.7467  -6.2624  -7.4861 -12.7639  -7.0246 -16.1252 -19.1137  -6.5999  -9.1291   4.0149   5.4142  10.6527 -19.3396  11.1514  -2.0210  11.5250  -5.9361   2.1825  -2.2953  94.8745  34.5729  12.0037   5.9347  17.9789  25.4835   2.5571  28.9800   2.4344   7.4288   1.3419  19.1581   8.6485  23.9607   5.8488  32.2964  10.9858  10.8634   9.0809  13.3310  14.9360  13.4063  25.8881   6.8756   6.5057   2.7412  17.5074   8.2477   8.4141 
23  15.7060 317 -59.2038   6.8189   0.4078 -11.7142 -24.7595 -22.6196 -12.3092   6.8340   4.1981  -0.8580  -1.9264  -6.5096  -7.4449 -13.1281  -7.1519 -17.4243 -19.5551  -7.0300  -9.0541   4.1799   4.0183  10.2807 -19.6473  11.3818  -2.6855  11.5773  -5.7217   1.8515  -2.1971 136.9417  20.2947  10.6339   5.8964  13.7088  28.0838   1.8347  34.8242   2.0798   7.9692   0.8664  12.8201   5.4714  13.6496   4.2625  23.9481  11.9680   7.6091   9.1979  15.3577  10.3984  13.3101  17.5412   5.7084   4.0333   2.3494  19.5575   8.4127   6.7462 
24  15.6905 321 -61.0681   7.0174   0.0697 -11.9359 -24.6519 -23.5243 -12.0319   6.1475   4.2384  -0.8994  -2.0799  -5.9900  -7.2693 -13.8138  -7.3168 -17.5857 -19.2932  -6.8000  -8.7168   3.0361   4.9430   9.4550 -20.3162  11.0786  -3.5830  11.5580  -6.2691   1.6507  -1.9631 155.6535  15.0347   8.8457   4.5383  11.4200  19.7811   1.0632  29.9573   2.1062   6.6128   0.7339  11.1183   5.3653  13.6094   5.3342  23.4610  13.4919   8.7843   6.2959  19.3954  12.0066  12.6470  13.8731   4.4066   3.6945   1.4756  28.4932   8.0590   7.7670 
25  16.1444 320 -64.2083   7.0429   0.7448 -11.6978 -25.0456 -22.8964 -11.8419   4.8582   4.4306  -0.2612  -2.0342  -5.4519  -7.1058 -14.3437  -7.2960 -16.6305 -20.0664  -7.2699  -8.4099   5.0049   5.0231   9.4250 -21.4871  11.2440  -3.8545  11.8037  -4.6935   1.8529  -1.7789 169.2871  11.3863  13.0545   3.8137  11.7260  16.4782   1.0339  36.4625   2.7888   7.2067   1.0402  10.7328   5.8901  12.5990   4.8413  29.8583  14.7770   6.0761   5.0619  11.0414   7.6911  11.7716  13.0129   3.6462   2.9337   1.5293  33.3473   9.7662   9.3333 
26  12.9711 313 -67.8598   7.6219   0.4944 -11.1533 -25.5443 -24.3948 -11.8765   3.7796   4.5945   0.2756  -2.2885  -5.3296  -7.1614 -15.7224  -7.7299 -17.7350 -19.8421  -7.4260  -8.2538   3.9328   5.5504   9.1861 -21.2718  11.1994  -3.7729  11.9210  -4.8527   1.7507  -1.6510  90.1634  11.1099  14.5848   3.2855   9.2815  15.8864   1.7436  29.2898   3.9046   5.0660   0.7654   7.8362   6.3231   9.1395   7.1282  35.8333  14.9357   4.7738   8.1378  13.4698   6.5027   8.4029   9.4400   3.2796   2.8701   1.9260  35.3304   6.9085   8.8431 
27  14.1620 331 -73.5932   8.2172  -0.1732 -11.7727 -26.6755 -25.7027 -12.4756   4.4362   5.0428  -0.6086  -2.2487  -5.1817  -7.5844 -15.2918  -8.8021 -20.5130 -19.9072  -7.8815  -9.1614   4.9397   5.5956   9.3071 -22.4663  11.4808  -3.3780  13.0420  -5.8847   1.7977  -2.1373 104.8462   8.5074  16.7625   2.9583  12.2850  15.2045   2.8540  33.0493   2.1660   4.4690   0.7960   7.2342   9.1853   9.5929  10.7254  25.7071  14.6685   4.5361   7.7830  11.0349   8.4803   7.4213  15.5788   3.1822   3.5481   2.7019  46.9423   8.3112  10.1658 
28  13.5624 312 -75.3299   7.4807   0.8108 -11.6088 -25.2645 -25.9294 -12.5377   3.0560   4.8658  -0.6841  -2.3070  -5.5515  -7.9527 -14.8849  -8.4825 -16.7010 -20.2265  -8.1430  -8.8069   5.8397   5.8134   9.1353 -23.2500  11.3332  -3.4587  13.2480  -5.7536   2.2332  -0.8281 106.6585   7.0724  21.4252   2.7198  12.2113  12.2612   4.4362  32.7224   1.8508   8.4199   0.6983   4.6640  13.0414   6.4178  11.5570  15.6901  18.4723   2.9895   5.8300   8.7439   5.4799   5.4218  17.1170   2.8190   2.9306   1.8378  43.9591   8.6783   7.1847 
29  12.3440 381 -76.0552   6.6994  -0.1189 -11.5610 -25.5212 -25.4415 -11.7820   5.4103   4.7622   0.4168  -2.4209  -5.4084  -7.9760 -14.9780  -8.6697 -16.5612 -20.5962  -9.2046  -8.5933   6.0149   5.7864   9.2390 -24.0560  11.8837  -3.4198  13.0761  -5.3233   2.9954  -0.4849  92.6484   7.2989  28.3635   1.8750  16.8613  10.0391   2.8816  27.9756   1.1112  16.5249   0.5923   4.3848   6.7760   8.7599   6.3769  17.8124  14.0168   3.3471   5.4095   6.1711   6.8824   7.1058  12.4901   1.9313   3.6068   2.1931  31.2414   8.0130   5.2867 
30  11.9105 317 -74.9091   6.7534   0.3486 -11.7178 -26.3014 -26.4889 -11.7214   6.4482   5.0366   0.7034  -2.4551  -5.5183  -7.2211 -13.8923  -8.5785 -16.7262 -19.5623  -9.0166  -8.5651   6.0177   6.3389  10.0755 -24.0404  11.9589  -3.7617  13.0872  -6.7983   2.3281  -0.1870 101.3828   8.0692  18.8011   1.2769  18.2588   6.9234   2.8248  31.6632   1.0766  13.1913   0.6435   3.8736   8.7149   8.8085  12.1780  12.4044   8.9575   3.1193   8.1194   5.0993   5.6283   7.2792  12.6772   1.1427   3.0050   2.1873  26.7770   7.8860   3.4351 
31  10.8335 334 -78.0044   6.8214   0.4070 -11.6544 -25.0443 -25.9221 -11.8446   4.9248   5.0244   0.3169  -2.3399  -5.8585  -7.2873 -13.8439  -8.0673 -16.2193 -19.6474  -9.2054  -8.7789   6.1723   5.8264  10.2512 -24.7394  11.8129  -3.7703  13.0121  -5.6158   2.7378  -0.0558  89.6584   6.7964  14.2651   0.8205  19.3278   5.1562   1.8953  32.7493   0.8187  14.4791   0.6735   2.0364   6.2944   6.9613  14.4608  14.2336  10.5377   3.8215   8.2775   4.9778   4.6884   6.4103  16.7085   1.0835   2.5003   2.2861  14.2621   5.2175   2.7748 
32   9.9848 292 -79.2833   6.5545   0.1881 -11.7040 -25.4891 -25.8906 -11.9715   4.6838   5.0837  -1.2067  -2.4217  -5.5390  -7.5905 -13.0362  -8.0693 -17.2151 -19.2924  -9.5354  -8.2177   5.9025   6.3650  10.7705 -25.5719  11.7650  -4.1167  12.3902  -4.9570   2.3893   0.2053  72.9521   8.2799  18.2417   0.5601  15.5939   4.6395   1.4632  31.7215   0.7178  11.9244   0.8358   2.5768   3.7142   5.6237  17.2297  13.0122  10.2332   5.1359   9.0864   3.2557   4.1260   9.0072  16.0798   1.2054   2.0038   1.2950  12.2861   4.4633   2.2944 
33   7.9487 326 -78.1559   6.5226  -1.1295 -11.8371 -25.4190 -25.7134 -11.6580   5.0839   4.9178  -1.7913  -2.4518  -5.8139  -7.8110 -13.6474  -9.0801 -16.9488 -18.8887  -9.1889  -8.6156   5.7593   6.5218  10.3191 -25.8603  11.2767  -4.0373  12.3246  -5.2035   2.5650   0.6475  46.5287   9.0241  13.2828   0.3644  13.7054   6.2042   1.8421  19.5130   0.4833   6.9229   0.7090   2.2445   2.5741   3.5960  14.2626  15.8150   6.5809   8.0261   9.2011   3.7023   3.4248   6.8374  19.6737   0.8377   1.3826   0.9449   8.0971   2.7720   1.9587 
34   6.9369 331 -77.7810   6.7686  -1.0295 -11.7912 -24.0014 -26.4676 -12.1589   5.8041   4.9189  -0.9333  -2.3117  -5.5469  -7.3057 -14.4880  -8.4516 -16.8271 -18.5715  -9.9229  -8.2209   5.6308   6.5005  10.5368 -25.5846  11.5182  -4.2083  12.4279  -5.2054   2.1868   0.6219  27.8695  11.2865  12.6456   0.5048  11.2085   5.7784   1.0343  20.4125   0.5042   7.2236   0.8076   1.5048   2.0646   3.5340  12.0088  13.2634   5.9644   5.6731  10.7665   3.7312   2.9193   8.8748  14.7280   0.6661   1.9646   0.6353   8.3115   3.4801   1.8039 
35   9.5373 311 -82.6076   6.9000  -2.1650 -12.5148 -24.2988 -27.7321 -13.2165   6.2763   5.3506  -1.3351  -2.6778  -5.7163  -7.4926 -16.0576  -8.5651 -17.7684 -19.9441 -10.4585  -9.4948   6.4785   7.2309  11.4707 -27.7251  12.1139  -4.1695  13.2237  -5.3557   2.7806   0.6728  74.1651  14.6970  16.0737   1.4217  10.5797  11.0694   2.0325  17.8009   0.8773   5.7223   1.1319   1.9278   1.9715   4.3397  16.4299  18.0050   7.0852   7.1512   6.8837   5.1903   1.8917   9.4921  19.2838   1.4521   2.6434   1.5822   8.9206   4.1884   2.5710 
36   8.2793 354 -83.0681   7.7673  -1.6527 -12.4768 -24.0021 -28.2905 -12.6994   6.1789   5.5514  -0.8446  -2.3389  -6.1277  -8.0916 -16.0527  -7.1063 -17.3778 -20.2715 -10.6621  -9.2780   6.1296   7.5690  12.2360 -27.2863  11.8156  -3.5980  12.9955  -6.5958   2.6544   0.2716  52.7961  11.4313  13.0335   0.9845   8.0516  12.1080   1.6308  21.3804   0.7974   7.7942   1.6209   2.5107   2.1909   3.2176  12.1300  13.6459   4.1642   8.0898   5.6797   4.9104   1.4868   8.5023  23.1747   1.0969   1.7112   1.8679   7.8591   4.1552   2.0777 
37   7.1596 314 -84.2431   6.8300  -1.7029 -12.7649 -23.7880 -28.9268 -12.4342   6.5039   5.4520  -1.1194  -2.6439  -6.0696  -7.9665 -16.6827  -6.9676 -18.5377 -20.8471 -10.5600  -9.4564   6.4454   7.3068  11.8389 -27.6416  11.8458  -3.5771  12.9328  -7.4178   2.9818   0.2587  44.7527   7.1968  14.5365   0.7787   6.6454  14.9809   1.1349  20.3648   0.7207   7.8499   1.2532   2.4214   1.9127   4.0595   7.2827  13.1017   2.8939   6.3967   4.5245   3.5316   1.7384   6.4478  17.6280   0.9125   1.1770   1.1261   6.2010   3.2551   2.8034 
38   6.4838 373 -83.3188   7.3402  -0.6468 -12.3267 -24.2970 -28.5223 -12.2932   5.6767   5.5553  -0.9189  -2.7979  -6.3628  -8.4104 -16.1988  -7.1902 -19.3931 -21.4497 -10.7175  -9.6990   6.2265   7.0052  12.0412 -27.2126  11.7659  -3.8904  13.2147  -7.0528   2.9430   0.1414  41.6948   7.2015  11.9973   0.6343   8.6876  11.3803   0.6518  11.7202   0.4174   6.0390   0.9215   2.3639   1.6819   2.4149   6.2578  15.2397   1.9070   6.4798   2.8966   2.9830   1.2614   5.3785  22.3109   0.7673   1.1355   1.1754   7.6647   2.7497   2.0157 
39   5.8825 344 -81.2004   7.0316  -1.0032 -12.3751 -23.8761 -29.5989 -12.3568   5.6999   5.8167  -0.8781  -2.7219  -6.4522  -8.5814 -16.3749  -7.0238 -20.2816 -21.6752 -10.4801  -9.4172   6.3448   6.7812  12.3335 -26.8352  11.9070  -3.7498  13.3478  -6.9803   2.7031  -0.2039  41.6174   5.7212   9.8548   0.3970   8.1172   8.2853   0.3464  15.5874   0.4556   7.6238   0.5485   1.9375   2.0542   2.3326   6.2738  11.4671   1.3505   5.3241   2.0451   2.8665   1.5615   3.2027  19.2734   0.6490   1.0137   1.2168   5.5590   1.9930   1.9166 
40   5.4155 358 -82.1515   6.7433   0.0227 -12.4373 -23.6783 -30.4501 -12.1551   5.5436   5.8631  -0.7922  -2.6424  -6.3934  -8.7869 -16.2577  -6.4185 -20.3672 -22.0663 -11.0089  -9.0148   6.4428   6.5585  12.8381 -26.1726  12.0684  -3.9619  13.6128  -6.5515   2.9772  -0.5278  26.8842   3.4075  10.2905   0.6240   9.8381   9.1479   0.4543  21.6710   0.5607   5.4186   0.4286   1.5135   2.8698   2.5996   6.2854  11.6063   1.0515   5.2046   1.2089   3.1010   1.6874   4.3031  15.8706   0.5135   0.8450   1.1528   4.8122   1.7703   1.9294 
41   7.4271 343 -86.7846   6.5188  -0.6053 -13.0094 -24.2627 -33.1615 -12.7722   5.7766   6.2281  -0.7476  -2.9389  -6.3912  -9.3829 -17.5894  -6.8717 -21.8390 -23.5495 -11.3886  -9.8139   6.5045   7.2724  14.0351 -27.5748  12.9979  -4.3160  14.6624  -6.4889   3.3462  -0.6564  62.4758   2.7623  12.8509   1.6299  11.8166  14.0987   1.6205  17.9230   0.7309   4.9354   0.3412   1.1374   3.6851   6.2388   6.8307  10.8130   4.2715   4.0593   1.4693   3.2848   2.2056   4.4634  21.7807   1.6140   1.0695   2.2416   4.1847   2.4249   2.4274 
42   6.0082 318 -90.2761   7.0435  -0.6225 -12.9398 -25.9281 -34.0971 -12.6028   5.3837   6.2338  -0.4350  -2.6560  -6.4157  -8.8483 -18.6035  -7.5981 -21.8914 -24.1319 -11.9197  -9.6707   6.6185   7.4721  14.0487 -28.1302  13.0537  -4.2190  14.4499  -6.4618   2.7883  -1.4247  49.1064   3.2926   6.9996   0.9553  11.1484   9.8417   1.8610  14.4670   0.5851   5.1802   0.3979   0.7284   3.4052   7.2875   5.3955  10.0954   3.0819   3.6892   1.3299   1.8474   2.1151   5.0140  13.9850   1.0109   1.3001   1.9684   4.3505   1.7766   2.0211 
43   5.1673 364 -88.3399   7.6118  -1.6032 -12.6134 -25.9591 -32.9516 -13.1173   5.2195   6.3392  -0.6100  -2.4917  -6.6986  -8.5075 -19.3700  -7.7195 -21.1586 -23.8849 -11.3442  -9.9712   6.4129   7.5209  13.2672 -29.3568  13.3088  -4.5033  14.6742  -7.0642   3.0738  -1.2078  40.3531   2.7386   6.5319   0.6820  10.2318   6.4120   1.5107   8.6463   0.6004   2.6746   0.5917   0.5702   4.8198   6.5622   5.7962  10.6904   3.2745   4.1884   1.3207   2.0218   2.1460   3.5992  12.6648   1.1254   0.9997   2.4181   2.8178   1.8451   2.0195 
44   5.3652 330 -89.6765   7.9428  -2.1485 -12.6038 -25.4333 -32.5216 -12.7524   4.5649   6.2643  -0.8526  -2.2781  -6.6465  -8.0141 -18.9316  -6.9079 -21.6280 -23.5825 -11.0379 -10.2113   6.8303   7.7458  13.3501 -30.0188  13.0619  -4.5442  15.2061  -7.0408   2.8127  -1.1305  53.1843   2.6272   6.9555   0.8172  10.1052   5.5880   1.0460   7.5070   0.3835   2.6218   0.3778   0.5391   5.0038   7.2729   7.7879   9.7270   2.6368   4.2308   1.3109   1.4292   1.4658   2.9176  10.5115   0.8948   0.9619   2.1767   1.7967   1.7995   1.9138 
45   8.3950 326 -94.9571   8.4783  -2.4718 -13.3231 -27.4946 -34.2776 -13.2587   5.0319   6.5075  -1.3263  -2.4927  -6.9599  -9.0449 -20.2776  -7.3738 -22.7298 -24.8284 -11.1134 -10.5581   7.0676   8.3376  13.6919 -30.8433  13.9938  -4.7942  15.9971  -7.5272   2.7666  -1.4308  96.5987   2.7239   6.7406   1.8084  17.8925  13.3605   1.8072   8.7586   0.4894   2.3522   0.5362   0.6655   5.7016  10.2018   8.8837  17.1180   7.1777   4.0316   2.4082   1.7728   1.6922   3.0736  14.3302   1.7488   1.6231   4.1669   2.2129   2.2261   1.3526 
46   8.8203 405 -94.0022   8.3763  -3.0858 -13.3872 -28.2889 -35.4323 -12.9973   5.3763   6.7327  -1.2829  -2.6087  -7.0497  -9.0047 -21.6266  -7.7086 -23.5028 -24.7122 -11.3762 -10.8689   7.3445   8.0911  13.7780 -30.2959  13.5336  -4.8301  16.3754  -7.4878   3.4611  -1.3045 117.5027   2.0172   4.3882   3.0305   9.3634  11.6138   2.2736   6.4454   0.4630   2.2486   0.4945   0.5423   5.2971  11.9898   8.7177  21.1377   7.3915   3.3314   2.7794   1.2481   1.3093   3.8298  15.2630   2.0007   1.2579   4.0464   1.9570   2.6836   1.1660 
47   8.0820 347 -96.2310   8.8551  -2.5572 -13.8977 -28.3966 -35.7663 -12.7231   5.6118   6.4466  -1.2736  -2.7104  -6.9660  -9.3573 -21.9825  -7.6185 -23.1451 -24.1828 -11.0305 -11.4034   7.2399   8.5593  13.8298 -30.3857  13.3374  -4.9157  16.4317  -7.6146   4.1633  -1.6316 110.8892   1.4462   3.9323   2.2909   9.6307  12.4510   2.2581   4.4166   0.5165   1.7921   0.3046   0.3802   5.0991   9.6977   5.8378  17.3825   8.5349   3.0463   1.8788   0.9619   1.0184   3.9840  14.5409   1.7408   0.9088   3.4445   2.4360   2.3517   1.2051 
48   7.9725 363 -95.6071   8.9127  -2.6753 -13.6294 -27.9587 -36.3758 -12.7035   5.3573   6.7253  -1.1277  -2.6430  -6.8329  -8.6205 -21.7450  -8.3137 -23.2212 -23.8748 -11.4173 -10.9409   7.5225   8.6743  13.3713 -30.6165  13.8029  -5.3027  16.5715  -7.9152   3.9156  -1.8662 116.5190   1.3966   3.1306   1.4652   7.4196  13.6652   1.9592   5.4035   0.3172   1.3857   0.2055   0.2983   4.2837  11.0083   3.9298  15.6817   6.9733   2.4739   1.6984   1.1443   1.0773   3.6651  16.0810   1.4733   0.9477   1.9163   2.8583   1.8610   0.9633 
49   7.5573 334 -95.9342   9.0225  -2.9813 -14.1034 -27.5111 -35.8872 -12.7557   4.8181   6.8601  -0.8413  -2.5738  -6.7528  -7.4558 -21.4482  -8.3080 -23.5900 -23.5013 -11.5409 -10.8878   7.6928   8.7715  13.5495 -29.7938  14.2084  -5.6147  16.9931  -7.6751   3.9836  -2.0691 106.7960   0.8622   2.7652   1.2612   7.6778  11.7325   2.0443   3.9342   0.1636   1.1523   0.1616   0.2325   3.8901  10.9150   3.7115  16.1175   6.7018   1.6636   1.7959   0.9976   0.9196   2.4746  22.2546   2.2237   1.1957   1.4856   1.9665   1.4549   0.6104 
