10 20 29
0  90.1662 37  -7.1148  -1.6931   2.2572  -1.7936  -2.9700  -6.2257  -5.7059   2.8798   3.3863   0.7988   1.5770  -2.4769  -1.4920  -1.7886  -1.8051   0.8215  -5.1870  -1.1518   1.4372  -0.9196  -4.0360  -2.1009  -1.9471   1.9843  -2.2183   1.3010  -1.0878   1.3165   2.1317  72.5645  89.3753  67.9195  73.2079  89.0311  73.5361  91.6118  90.9435 100.8125  94.6188 113.5554  74.7900  74.5063 107.2285  83.2484  91.0001  69.4667  85.5522 215.6099 108.1923  85.6919  83.3309 131.9223  97.0995  79.0493  69.9278  60.7010  60.7656  79.5591 
1  66.6214 85  -9.7861  -0.8380   1.4547  -6.3708  -7.8399  -7.4028  -7.4159   0.8890   4.0531   2.0725   1.7840  -2.6390  -3.5227  -4.6003  -3.9649  -0.4594  -3.0868  -3.4320   0.7563  -1.7793  -1.6889  -1.1630  -3.4818   1.5729  -2.5363   1.0609  -1.2674   1.8748   4.2844  49.9214  95.3136  42.8203  41.9215  43.5087  49.3194  55.2263  78.7529  80.1801  89.7333 115.2711  41.0701  81.6088  91.3102  47.9458  65.0217  67.9037  86.3646 126.7623  59.2164  54.7692  48.7911 102.9094  57.9608  40.0250  62.5558  40.9711  51.3169  63.5489 
2  58.9946 129 -14.3195   0.6841   3.0359  -6.8894 -11.6669  -9.8851  -9.1295  -2.3034   6.4246   3.1672  -0.1727  -4.3557   0.8857  -5.4975  -5.6827  -2.6752  -1.5736  -5.8603   2.5347  -2.6393  -3.8733  -0.7822  -4.0823   2.0337  -4.2086   3.8986  -0.1399   2.3361   1.3434  45.2774 109.9125  36.7020  36.2292  30.0475  25.4912  35.7724 148.2480  51.6745  70.4628  97.0296  49.6698  79.3345 103.2662  62.1244  55.4220  52.5123  55.6323 132.0315  71.1499  38.2451  49.8119  64.9934  39.5061  32.3446  31.2505  30.3422  36.1823  40.1769 
3  47.7916 154 -16.4420   3.2207   4.1330  -7.7051 -12.7085 -10.8575  -7.6025  -0.9617   6.9863   4.1615  -1.3565  -5.1237   1.8017  -6.4932  -6.8466  -5.9376  -1.1003  -5.5730   1.4894  -3.1773  -4.6657   0.7337  -3.0831   2.1262  -3.5507   3.8107  -1.0423   3.1455   1.1301  23.4752 102.8593  35.0358  31.2679  24.1267  23.3123  24.9071  95.1471  46.1538  57.4008  75.9932  60.1833  56.4118  95.9489  39.1777  42.1768  41.7380  50.9195 127.2846  61.1158  22.7634  36.5356  48.9695  35.9301  27.4388  16.5329  25.8666  24.2359  33.0472 
4  44.5697 191 -17.7955   1.3536   2.9236  -8.6040 -12.2796 -11.5300  -7.6779  -1.5436   7.7321   4.0315  -0.3532  -7.5960  -2.2393  -8.4988  -7.3305  -5.7396  -1.8263  -6.3699   0.3428  -3.9961  -5.0705   2.2113  -1.4660   2.8530  -2.1037   5.1939  -1.1445   2.8604   1.6671  19.9348  79.5111  26.4791  21.4673  23.0116  21.6277  16.9735 111.0481  59.9657  45.3331  70.4713  62.7092  61.1686  92.2973  27.9299  40.6901  32.5456  39.2787 115.2956  60.8568  21.4149  31.9057  52.6305  37.9286  22.1916  13.1861  25.3468  25.8175  33.5048 
5  42.3535 196 -21.2541   1.0861   4.3619  -9.3575 -15.0368 -12.1667  -9.8149  -5.2084   7.1898   2.9241  -1.2450  -6.7451  -3.8228  -8.6016  -7.5294  -7.2689  -1.0667  -4.7824   1.5029  -1.8965  -5.1629   2.4462  -2.1379   3.5014  -3.7389   4.6394  -0.8420   1.9156   2.5122  37.4310  88.2661  34.5637  27.0093  23.3393  24.2223  16.9889  82.1430  78.0220  57.3082  70.0873  54.4102  60.1313  49.5975  36.9745  39.5439  24.9198  33.9050  85.6898  64.9708  19.4174  30.9802  39.5390  39.1480  17.5600   9.8234  21.9400  23.6154  36.7056 
6  41.0192 166 -21.8968   0.9129   3.8725 -11.0686 -15.8496 -12.5079  -9.4003  -5.4192   6.2575   4.4497  -1.6200  -5.3223  -4.7914  -7.5151  -7.4803  -8.1306  -0.5744  -6.1301   0.6946  -2.2214  -3.8704   2.6166  -1.8839   3.1866  -2.5646   4.7132   0.4247   1.5755   1.1313  45.3787  81.6626  43.3427  29.7973  25.1193  26.0948  18.0968 104.2055  51.4246  38.2015  59.0646  72.5706  69.5162  47.7315  27.8330  30.4466  14.8193  52.2020  74.5678  52.3274  13.5778  23.2805  35.7172  40.3320  14.4335  12.0193  20.8416  25.6174  39.3343 
7  35.2140 192 -23.5692   1.4329   3.5518  -9.3732 -16.8471 -13.6419  -9.1955  -7.4350   8.1324   3.7760  -0.8570  -7.4638  -3.2538  -6.2761  -7.7911  -7.5963  -1.4572  -6.1886   0.0478  -0.9782  -3.2778   2.5978  -1.0192   3.5635  -2.4627   3.6752   0.0088   1.6572   0.7236  38.6128 111.9806  45.8467  18.0264  27.6368  21.5219  19.8064  86.6188  37.9439  34.7086  30.9245  40.2205  55.3458  47.4510  21.2662  20.5646  17.7101  40.9963  54.7258  29.7746  12.1684  25.7455  24.3161  32.5342  23.7953  12.9253  22.1409  13.6141  52.2827 
8  30.7727 252 -27.1089   0.3936   5.5416  -8.3567 -16.9871 -12.6308  -8.2147  -5.5262   5.6006   2.8057  -1.6013  -7.5906  -1.2606  -5.9394  -7.1299  -7.8507  -1.9132  -6.6260  -0.7557  -1.1524  -3.5441   3.0892  -0.1119   4.8814  -2.5289   4.7046   0.4263   1.9072   1.9400  42.6923  96.7848  40.6418  20.1543  30.0590  13.4055  13.6003  60.9143  49.0326  25.2568  22.8141  21.9411  41.6811  35.3984  13.8283  22.8345  25.8662  34.8095  45.7794  26.2071  17.9248  15.4835  26.9879  45.1999  22.4692   8.3258  15.0481   8.9110  48.3567 
9  29.8213 235 -28.4810   1.1487   5.2308  -9.5419 -19.5020 -13.5267  -8.0714  -3.3225   5.2237   2.7855  -0.9257  -7.5804  -2.9891  -5.2781  -8.0618  -8.4933  -4.3677  -6.5582  -1.4347  -0.6876  -4.4534   2.3841   0.5146   5.6608  -2.8622   4.6131   0.4995   2.0582   1.5470  31.4187 100.0741  37.6608  21.6126  25.5794  24.6338  18.5122  49.9919  36.5078  20.3596  28.3326  18.6921  41.8886  21.9928  15.6766  23.0560  33.7104  20.4036  49.5699  19.6179  22.3081  16.0864  20.1690  41.6294  29.3640   7.9863  19.5320   7.0881  61.3627 
10  26.0122 298 -30.4682   0.5702   5.4525 -10.2556 -20.4058 -14.6984  -8.5519  -1.4996   5.2507   3.0483  -0.0553  -8.1241  -4.9176  -4.0983  -8.5281  -8.0923  -4.7506  -6.0901  -2.3803  -1.6065  -3.2488   3.0689   0.3219   4.6311  -3.3117   4.8072  -0.8553   1.1811   1.3580  28.8012  86.7007  54.6119  13.7550  27.3488  18.0582  18.6687  44.3722  45.4729  19.4656  16.9751  15.5096  26.6911  18.7308  12.7964  14.2889  28.7050  24.0267  60.2110  14.4471  19.5829  13.5745  13.6548  24.4562  19.1900   4.9662  16.7127   7.9651  44.6154 
11  22.2971 232 -30.7354   1.1856   5.5086 -11.5480 -20.8433 -14.1239  -6.9369  -3.2595   6.0296   2.1035   0.6684  -7.6480  -3.9629  -3.9440  -8.9104  -8.7397  -5.8115  -7.0131  -2.1009  -1.3201  -4.2992   2.4042   0.0987   4.5788  -3.3474   4.9390  -0.3117   2.2050   2.4762  25.3262  74.2213  33.9385  12.6558  21.6284  15.3047  15.6490  71.3480  28.9805  14.0408   9.8822   8.1210  21.3158  22.5065  11.7566  12.5810  24.7785  17.8832  53.7287   9.8013  22.8338  10.2277  13.2159  16.5875  17.7291   3.2723  16.1166   3.8963  37.2890 
12  21.1690 266 -31.1193   0.0179   5.7396 -11.6566 -20.1323 -13.2009  -5.6795  -5.5212   6.3733   1.6035   1.6509  -7.5007  -5.0452  -4.4115  -9.7998  -9.5353  -7.2259  -7.2283  -0.1969  -2.5982  -5.1876   2.5276   0.8443   5.1805  -2.8697   4.8614  -0.3871   1.8430   2.5454  27.1020  64.9953  36.3877  14.6867  20.4493  19.9612  15.3917  97.5144  29.9582  11.7931   9.3830   4.8985  15.4761  14.4756   9.1095   9.1902  16.1899  12.2488  53.0710   8.1140  16.2417  12.5922  12.6317  13.6120   9.6092   3.1384  14.3985   2.6167  38.6641 
13  18.1257 359 -31.4115   4.2744   4.0974 -10.8958 -19.5360 -13.9306  -5.0873  -4.6015   6.3574   2.5779   2.0060  -7.3409  -5.0046  -4.0984 -10.4660  -9.9622  -6.5604  -7.2793  -0.5779  -2.2945  -4.7636   3.2410   0.2158   5.1035  -3.8812   5.0478  -0.5138   1.4354   2.6425  22.6177  69.0915  27.4445   8.6374  10.3744  12.4599  11.7169  82.3888  18.8868   8.9282   9.9619   3.6002   9.7051  11.6622   7.4140   8.3741  13.4235  10.1513  56.5106   8.6947   9.8852   8.5170  12.1485  11.7105   6.9849   3.7384  16.1853   1.4401  42.9907 
14  20.5336 297 -36.5732   5.4442   5.3684 -12.6681 -22.6422 -15.5579  -6.6773  -4.2965   5.6896   3.8464   2.3961  -8.0845  -5.7540  -3.4332 -12.1988 -11.3075  -6.7548  -8.2999   0.4545  -1.7649  -5.6733   3.5886   0.0769   7.3789  -4.3668   6.1234  -0.3402   1.5104   4.7952  57.8320  77.0600  30.2974  11.9600  23.1830  17.3643  15.1267  98.6987  29.2013   8.7004  10.3887   6.0306   8.5506  11.6530  10.0073  14.3229  11.1613  11.0673  36.6001  10.7407  10.0961   5.8820  10.3141  11.1359   4.3963   3.3984  16.2226   1.8950  32.1883 
15  17.6890 281 -37.4872   6.8827   5.6832 -12.5154 -22.0577 -14.8820  -6.9462  -0.6549   5.1708   4.4777   1.8889  -8.0702  -5.1477  -3.2683 -12.1875 -11.1094  -6.9183  -7.4040  -0.2585  -1.3035  -5.3366   3.5995  -0.2266   9.9537  -3.3159   6.0690   0.2868   1.2708   2.6300  56.5031  69.9429  20.9042   8.9418  18.1518  16.2254   9.7999  90.5722  24.1708   7.2586   7.4629   5.1703   7.1154  11.9722   6.8568  12.4197   6.4244   9.9359  20.5738   8.5325   9.6100   6.3283  12.9034   6.7907   3.3517   3.7437  13.5093   1.4955  36.3142 
16  15.7631 274 -36.2761   5.8313   5.0714 -13.2172 -21.7120 -15.2210  -5.7481  -0.4821   6.3397   5.2174   2.4431  -8.4761  -5.2327  -3.9206 -12.9460 -11.7345  -6.7484  -7.3745  -0.3905  -0.9835  -6.1521   3.8470   0.0103   9.1142  -3.4800   5.7486   0.0793   0.9602   4.5019  48.2928  74.4817  21.2298  12.6684  12.2510  11.5741   8.3292  76.2730  23.7998   8.6665   5.1445   2.9378   6.0808  14.1989   5.7049   8.0115   4.8777   5.3766  20.1054  10.5001  11.0042   5.5112   7.1264   3.8309   3.3387   2.1381   8.6672   1.1972  33.8110 
17  15.3961 290 -36.1015   7.5240   5.1201 -12.9520 -21.7112 -15.8992  -6.0055  -1.3303   8.3833   4.9134   1.4719  -8.3354  -5.8620  -4.3193 -11.9261 -11.3037  -6.8385  -7.1760  -1.1913   0.0829  -5.2286   3.4973  -0.0256   8.8255  -3.3627   5.8560  -0.2554   1.1455   5.3434  82.0303  76.4986  20.0340  12.9538   8.3144   7.7225   7.2448  44.6202  32.8668   8.6407   7.8451   3.5224   7.7546  17.9092   8.4767   9.1110   4.3050   4.2171  13.0175   9.7906   6.6917   4.8562   5.2567   4.8371   3.1291   1.6356   5.8568   0.8718  26.4782 
18  14.0459 285 -36.6134   8.4702   4.9374 -11.1491 -21.4070 -15.9824  -5.7512   0.5193   7.5234   4.1283   1.2421  -7.7452  -4.4298  -4.2352 -12.4097 -11.3270  -6.9642  -7.9221  -0.8491  -0.5404  -5.1376   4.0517   0.6751   8.1390  -3.1371   5.9379  -0.1398   1.3455   6.3880  54.0812  67.5113  31.2017   6.9565   4.8756  10.6600   5.0963  37.8124  41.0444   5.3045   7.1385   3.8367   9.5022  10.1974   8.0571   8.3335   3.4044   4.2422   7.6099   7.3925  10.0024   8.5417   3.2185  12.6179   3.7920   1.7477   6.1330   0.8860  26.1347 
19  13.6605 332 -38.2265  10.1161   4.2831 -11.3100 -21.2890 -15.5019  -5.5381  -0.1046   6.3644   4.0482   0.7641  -8.0521  -4.6568  -5.0583 -12.4462 -12.0675  -7.3522  -7.7572  -0.4785  -0.0156  -4.9941   3.9795   0.5414   7.8654  -3.3734   6.2965  -1.0976   1.3423   5.3262  42.3495  72.2739  39.0399   4.6870   4.7863  10.5546   4.7090  57.2545  32.8688   3.3830   7.3599   3.5089   7.3130   6.4379   7.4395   8.9899   1.8560   2.9737   5.6784   7.9216   8.3828   9.7790   1.7192   8.3012   2.9333   1.0680   4.3844   0.7635  27.4370 
20  11.1087 281 -37.7059   9.7842   3.5862 -11.3355 -21.7209 -16.4510  -5.7038  -0.2679   7.6141   4.8063   0.9090  -8.4075  -4.0096  -5.8412 -11.9265 -12.9028  -7.4320  -7.9378  -0.7612  -0.4897  -4.5425   4.0492   0.2053   8.4324  -3.0645   6.4141  -1.2567   1.3731   3.6836  30.6477  41.8212  23.7163   3.6251   5.4466   6.2060   3.9380  70.4872  18.8902   3.2834   7.8825   3.7811   4.3392   5.4150   7.2237   9.0115   1.7966   2.8526   3.6209  10.6038   5.8482   7.1241   1.7742   8.4634   2.2560   0.9113   5.6995   0.4314  25.0551 
21  10.8183 354 -37.5308   9.2377   4.9895 -10.9792 -22.0353 -16.5127  -5.7613  -1.9673   7.3009   4.8601   1.1705  -7.3864  -4.0340  -6.5723 -12.2964 -12.4585  -7.2305  -7.5875  -0.5387  -1.4460  -3.9207   4.9846   0.2829   8.1754  -2.9672   6.3905  -1.6087   1.1189   2.9815  32.4330  30.1842  16.8789   3.7748   3.8128   6.1639   5.5292  82.9766  22.2265   2.2654   9.0002   3.7390   7.4555   4.1939   6.4114   8.9962   1.2659   2.6840   2.5643   7.2498   6.4390   4.2431   1.3087   7.6266   1.3397   1.0611   5.7090   0.4386  25.7584 
22  10.6637 287 -41.1772  10.7726   5.5207 -11.8278 -23.2150 -17.6847  -5.5425   2.3046   7.8127   4.9950   1.8656  -7.7620  -4.8670  -6.7703 -12.0603 -13.6365  -7.1827  -8.6815  -0.2958  -0.7031  -4.1059   5.0883   0.5320   8.7921  -3.0948   6.9937  -1.7946   1.1553   2.7942  42.0011  27.4750  20.3804   2.7122   6.8671   8.6775   4.5952  45.0568  26.4011   2.3262   8.9779   4.0278   5.6237   4.6308   6.6627   8.1552   1.6602   2.7217   3.5687   8.0095   8.3181   5.3236   1.2638   5.2730   1.1819   1.6642   4.9425   0.6108  40.1372 
23  11.9093 300 -45.2919  10.0665   5.5707 -12.6591 -25.8209 -18.6507  -6.0872   4.4511   7.6837   5.1166   2.2312  -8.5106  -5.5556  -7.4707 -12.9940 -15.0247  -7.6679  -9.7340  -0.0557  -1.0931  -4.5438   6.1045   1.1040   9.8781  -2.7456   7.2659  -1.8077   1.3646   4.4028  61.1391  22.2143  15.4522   3.1806  10.0647  10.2851   3.3076  49.7075  25.6660   2.8508   5.2881   5.9150   6.1423   7.8776   7.5915   7.7696   2.5510   3.0959   3.8571   9.4892   8.7484   6.8771   1.2874   7.9837   1.1475   1.6203   6.3233   0.7209  47.2165 
24  11.5704 298 -47.8752  10.5553   5.0164 -12.5249 -26.0783 -18.6395  -5.4940   4.3671   7.1366   5.6154   2.6049  -8.3106  -5.6895  -8.6238 -12.2749 -14.7474  -8.2798  -9.5544   0.0731  -1.1142  -4.3559   6.0344   1.0093  10.2049  -2.6239   7.1507  -1.5618   1.3329   3.8015  72.0855  27.1157  11.5590   2.6552   6.2320   8.9960   2.3676  48.2412  19.6593   2.8944   4.7541   9.4248   6.7752   6.8032   8.9510   9.6727   2.7440   1.7142   5.1606   8.2571   7.4792   9.1320   0.8836   6.7980   0.9640   1.3370   4.9428   0.5172  37.4260 
25  12.2708 283 -51.5661  11.2492   5.7909 -12.9720 -27.1499 -20.2687  -5.6784   2.6947   5.6433   5.3678   2.9093  -8.9292  -6.4401  -8.6797 -13.4910 -14.8534  -8.2631 -10.2285   0.4266  -0.7091  -3.8541   5.9059   1.2069  11.1729  -2.5927   7.4075  -1.5110   1.5130   5.0388  67.1555  32.9861   7.9421   2.8502  10.0750  12.7687   3.9500  52.8833  23.5036   2.2262   3.8671   7.5036   4.8936   7.5429   9.5832   8.8106   2.8849   2.2532   3.3911   9.1878   5.6450  15.6725   0.9424   8.9233   1.1046   1.6578   5.4522   0.3798  39.8168 
26  10.5729 269 -50.3873  11.2758   6.1677 -12.6454 -26.3596 -21.4785  -5.7440   4.2777   5.4241   5.4168   3.1018  -8.7299  -6.1285  -9.0977 -13.3202 -14.3113  -8.1539 -10.3485  -0.0231  -0.3494  -4.2949   6.7151   1.3779  11.0331  -2.4859   7.4741  -2.2790   1.5667   6.0558  43.5896  24.1606   7.7049   3.6684   9.0347  11.0049   3.0252  52.4226  30.9255   2.1367   2.6865   4.7914   3.5600   3.6196   7.0203   8.1437   2.0368   3.1180   2.4240   8.9208   5.6885  11.6839   0.6701  10.3842   0.6999   1.8049   4.3490   0.3808  36.9595 
27  10.1486 357 -50.9617  10.4677   7.0731 -12.6442 -26.6932 -21.9972  -5.7230   5.1534   5.3282   5.2140   2.9266  -8.9196  -5.9311  -9.3307 -13.1266 -14.5163  -7.8239 -10.1897  -0.2051   0.7390  -4.4704   6.9214   1.0860  10.6738  -2.4463   7.4829  -2.0226   1.7174   5.6314  44.7332  21.2524  10.8283   2.8228   9.8537   8.6530   3.1215  55.5412  25.2861   2.6886   2.7753   3.1249   2.3284   2.1401   8.0988  13.3992   2.3199   4.4069   1.5175   7.2339   5.2471  10.7433   0.7718   7.4550   0.7249   2.0930   3.0933   0.3531  31.7018 
28   8.7717 302 -51.7620  11.0268   7.7557 -12.7741 -26.4677 -21.8500  -6.0858   6.7631   3.9967   5.4729   2.5172  -8.0104  -5.4560  -9.3475 -13.4341 -16.0489  -8.0512 -10.3905  -0.3484   0.9796  -4.3155   7.6833   0.8782  10.6343  -2.2559   7.2931  -2.5053   1.7698   6.2947  41.8168  20.6355   9.0967   2.9565   6.5953   7.2124   4.1112  35.4041  21.6975   2.4299   2.2383   3.6461   2.0916   2.0442   4.5792  11.6465   3.1847   4.3034   1.0621   9.1937   6.6522   8.3352   0.8519   5.7536   0.7064   1.8495   3.1594   0.2192  30.9053 
29   7.9035 356 -51.6984  10.1511   8.3653 -12.2890 -26.7856 -21.6892  -5.5242   7.2805   4.3324   5.1131   2.7273  -7.5071  -5.6467  -9.0239 -12.6658 -15.0118  -7.5591 -10.5386  -0.2629   1.4093  -4.4722   7.2689   0.2853  11.3155  -2.1118   7.1149  -2.8459   1.8040   5.1082  30.2693  23.1189  10.5725   3.2482   8.6955   4.4799   5.5268  31.1280  15.7681   3.0427   1.3048   2.3706   2.0692   1.6190   4.0683   8.4477   2.9143   6.1708   0.7129   7.1692   8.3583   6.2157   0.9989   5.0950   0.5684   1.3878   3.0468   0.2033  30.6314 
30   7.5206 332 -51.4117   8.2437   7.7868 -12.4920 -27.1952 -21.3987  -4.9411   7.6930   3.3078   4.7109   2.7305  -7.4442  -5.9993  -8.7568 -13.2736 -14.4629  -8.0158 -10.2202  -0.2101   0.5283  -5.0611   7.5647  -0.0114  11.4453  -1.8451   7.0334  -2.4930   1.9207   4.7902  37.2230  13.7089   7.9619   2.6167   6.3509   6.2410   5.8063  27.7545  13.3224   2.1507   1.7933   1.6582   3.4192   2.2322   2.0338   8.2722   2.4536   4.5711   0.5078   4.9283   6.7361   5.1139   0.6778   4.2197   0.5278   1.2161   3.2012   0.1668  41.2332 
31   7.4613 342 -50.3624   8.7156   7.7034 -12.8681 -27.2590 -22.0536  -4.5021  10.6607   2.3045   5.2224   2.7583  -7.1177  -6.3845  -9.0859 -13.1652 -15.2075  -7.6735 -10.2615  -0.3246   0.6159  -5.0928   6.9051   0.0313  12.1671  -1.9276   6.8886  -2.3831   1.9623   4.0244  55.2709  10.5533   8.1319   1.5505   3.6529   6.0799   5.2044  23.1690  11.6048   1.5682   1.3082   1.3524   3.0652   3.3171   1.3236   6.9582   2.9588   2.5887   0.3288   4.1067   5.2654   3.9536   0.3726   3.4453   0.4470   1.1240   2.6087   0.1177  44.9496 
32   7.9661 307 -51.1160   8.1792   7.3799 -12.6721 -27.9932 -21.9329  -4.6042  11.9025   2.2865   5.3735   2.8288  -7.0157  -6.7623  -8.9426 -13.2347 -15.5721  -7.6260 -10.8079  -0.1732   0.9127  -4.3475   6.9358  -0.1268  11.9860  -1.7066   6.7025  -2.8250   1.8794   3.6987  74.5809   9.6185   5.0786   1.1695   4.8483   7.0734   4.1017  18.7022  11.7689   1.3079   0.9322   1.0264   2.7257   2.0664   0.9581   6.5717   2.5437   1.7010   0.1629   3.1518   5.4221   3.9934   0.2308   2.6843   0.6543   1.5378   2.5466   0.1096  53.7481 
33   6.5581 384 -51.7093   8.1307   7.2543 -12.7298 -27.8209 -22.2048  -4.7123  12.7715   2.2637   5.0769   3.2353  -6.9947  -7.3004  -9.1178 -12.7607 -15.3591  -7.6327 -10.2070  -0.0816   1.4677  -3.8430   6.6863  -0.3315  12.5897  -1.4476   6.1776  -3.1277   1.8459   6.1148  53.8626   5.5522   3.5952   0.7888   5.6872   5.0344   3.7007  12.0661  10.4784   1.3085   0.5951   0.8467   1.6040   1.9059   0.4355   5.0040   2.4554   1.0279   0.1395   2.7470   3.3920   6.9662   0.2428   3.7827   0.9766   1.2509   1.7343   0.0734  52.9296 
34   5.3863 346 -51.5536   8.3294   7.5316 -12.9619 -28.0888 -22.2001  -4.8697  14.0498   2.1358   4.7253   3.1489  -6.9819  -6.8626  -9.5964 -12.7201 -15.6032  -7.4066 -10.3025  -0.1841   1.4428  -3.7558   7.1539  -0.2836  12.5801  -1.3797   6.3255  -3.2121   1.8823   4.8586  39.1522   4.7826   5.1769   0.5392   5.0195   4.3343   2.5831  10.2689   8.1524   1.4887   0.6641   0.9894   1.2695   1.9319   0.3441   3.9618   2.2383   0.7721   0.0845   2.3521   4.1016   6.2731   0.1762   2.4084   0.4961   0.8900   1.5801   0.1369  44.0348 
35   5.5936 409 -50.6032   8.3407   7.6648 -12.7630 -27.9862 -22.4365  -4.4388  14.4192   2.2769   5.1262   3.2414  -7.1654  -7.1072  -9.5025 -12.7172 -15.5775  -7.5501 -10.2502  -0.1969   1.1021  -3.9259   6.6907  -0.4409  12.4195  -1.3213   6.5613  -3.0115   1.8243   5.0730  42.5838   5.0852   6.5098   0.4692   6.4833   4.9091   2.6272  12.1364   9.7114   1.3881   0.7153   1.0701   0.9089   1.2888   0.2914   3.0742   2.3465   0.6916   0.1000   2.5405   3.9928   5.4870   0.1496   2.5267   0.3891   0.9669   0.8862   0.1011  42.7849 
36   5.9227 316 -50.7734   8.4718   7.2820 -12.7346 -27.9392 -21.7260  -3.8002  13.4443   3.4615   5.2799   3.2939  -7.3319  -7.2604  -9.4920 -12.6613 -15.3314  -7.3784 -10.2319  -0.2459   0.9226  -3.6504   7.0490  -0.4649  12.5310  -1.4097   6.4387  -3.3167   1.8229   5.0473  55.3780   8.8112   4.0704   0.3663   5.0286   6.4562   2.5898   7.5413   6.7907   1.4967   0.5754   1.5178   1.2426   1.2716   0.1723   2.8579   2.1775   0.6304   0.0965   2.7964   2.7592   5.5389   0.1588   2.8567   0.2999   0.6240   0.5202   0.1049  47.0266 
37   5.7548 330 -49.5571   8.3909   7.7420 -12.7731 -27.9322 -21.7815  -3.9317  13.2571   3.9531   5.0067   3.3661  -7.1890  -6.9607  -9.7927 -12.7578 -15.6313  -7.8207 -10.1910  -0.2423   1.0159  -3.6805   6.6999  -0.4952  12.4410  -1.3776   6.3365  -3.4634   1.8279   3.5856  41.2757   5.1662   2.9939   0.3949   3.0442   6.0060   2.3592   7.3281   4.1582   1.1115   0.4531   1.1776   1.1338   1.4468   0.1822   2.9476   2.8760   0.7225   0.1156   2.7951   2.6637   5.0784   0.1960   1.8712   0.2588   0.5362   0.8011   0.1266  67.6689 
38   5.1164 339 -51.9629   7.8073   8.2029 -12.8443 -27.8440 -21.4045  -4.3331  12.3638   4.2940   4.7730   3.4492  -6.7468  -7.0116  -9.5244 -12.5975 -15.7403  -8.0079 -10.0008  -0.2305   1.1000  -3.8876   6.2626  -0.6507  12.4011  -1.5500   6.4370  -3.4874   1.8670   4.4136  43.1949   4.1595   2.3342   0.2326   4.0805   6.3707   2.1550   5.1617   2.9722   0.8547   0.2806   1.1217   1.8240   0.9458   0.1846   2.0345   2.2598   0.4768   0.0765   1.8701   1.9409   6.0451   0.1676   1.8474   0.2081   0.3944   0.6624   0.1560  54.3617 
39   4.6935 311 -53.2869   7.8155   8.0087 -12.7266 -27.8444 -21.6019  -4.0334  12.0269   4.0469   4.8104   3.3556  -7.0197  -7.2537  -9.4639 -12.5350 -15.5023  -7.8064 -10.0532  -0.2438   0.7992  -3.9090   6.0130  -0.6827  12.4998  -1.6581   6.4675  -3.5006   1.8686   6.9616  40.9819   2.7651   2.3671   0.1670   3.6668   6.3464   2.9381   3.6560   3.0778   0.9373   0.2786   1.5411   1.0202   0.6479   0.1792   1.7005   1.8780   0.5542   0.1265   1.6180   2.0892   5.6075   0.2301   1.0724   0.3434   0.4381   0.6927   0.1869  49.0043 
40   4.5266 325 -53.1648   7.5358   7.8532 -12.6444 -27.3274 -21.9364  -3.9744  12.2081   3.7394   5.2582   3.3799  -6.9492  -6.9652  -9.5449 -12.5172 -15.7187  -7.3544  -9.9372  -0.3395   1.0735  -3.8427   6.4401  -0.6478  12.4472  -1.6758   6.6044  -3.3798   1.8320   6.1227  44.4196   3.1913   1.4975   0.1921   4.3723   5.5212   2.1726   4.0189   2.4975   0.7236   0.1576   1.1224   0.9587   0.5932   0.1836   2.0481   2.0360   0.3942   0.0637   0.8545   2.8664   5.7181   0.2748   0.8807   0.3128   0.4948   0.7292   0.1751  42.7996 
41   4.0449 362 -52.5427   7.1311   7.8049 -12.7963 -27.2449 -21.6236  -4.2766  12.5563   3.7180   5.1862   3.4311  -6.5772  -7.1702  -9.3665 -12.5687 -15.5730  -6.9392  -9.7045  -0.3024   1.0055  -3.6172   6.4830  -0.5791  12.4878  -1.7059   6.8336  -3.5081   1.8221   3.6119  42.0608   3.1694   1.0163   0.1918   4.7146   4.8565   2.1139   3.5256   2.0537   0.5674   0.1755   0.7068   0.6948   0.4274   0.1427   1.4635   1.1535   0.3059   0.0643   0.9139   4.5893   3.6111   0.2310   0.9549   0.2724   0.7583   0.9127   0.1194  35.5343 
42   3.9384 325 -51.1174   7.7360   7.8968 -12.7457 -27.7337 -21.9473  -4.5903  12.6631   3.7601   5.1799   3.3787  -6.5434  -7.3268  -9.2482 -12.6400 -15.4842  -6.6165  -9.7908  -0.2608   1.0677  -3.5509   6.0279  -0.7422  12.1771  -1.7374   7.0169  -3.4685   1.8200   3.5120  51.1431   2.4117   1.0586   0.1247   4.1760   5.8831   2.9469   3.7947   2.9045   0.6264   0.2033   0.5942   0.4428   0.8488   0.1722   1.8915   1.1316   0.2994   0.0638   0.8152   4.6775   3.7926   0.2244   0.5973   0.1705   0.9604   0.6557   0.1157  21.4872 
43   3.7742 337 -53.4074   7.8919   7.9606 -12.7139 -27.4147 -23.0131  -4.4956  12.1093   3.5940   5.1858   3.3156  -6.1768  -7.2685  -9.4202 -12.6372 -15.6421  -6.6259  -9.7623  -0.2919   1.6502  -4.0620   5.9783  -0.6468  12.3729  -1.8362   7.1826  -3.6107   1.7523   2.0497  49.7841   3.5884   0.7504   0.0930   5.0503   4.0991   3.0427   4.7248   3.4566   0.3148   0.1719   0.6436   0.4548   0.8435   0.1653   1.3585   0.7618   0.2643   0.1161   0.5395   4.5905   2.2850   0.1458   0.4859   0.1167   0.5951   0.9555   0.1132  19.9411 
44   3.0062 343 -54.7495   8.2116   7.8510 -12.6553 -27.3450 -23.0352  -3.8566  12.7049   3.7206   5.2372   3.3412  -6.1488  -7.2326  -9.6011 -12.7995 -15.6251  -6.5172  -9.6892  -0.3163   1.7384  -4.7104   5.8845  -0.6490  12.4775  -1.7926   7.2612  -3.6661   1.6243   2.3570  37.2219   2.5686   0.8963   0.0512   3.2786   2.4588   2.5358   3.4393   2.9462   0.4513   0.1622   0.6798   0.3957   0.5842   0.1759   1.3907   0.7174   0.2246   0.0915   0.4081   3.5629   1.6825   0.1924   0.3807   0.0921   0.4063   1.5605   0.1368  18.4865 
45   2.5825 348 -55.1917   7.9610   7.8247 -12.6834 -27.3985 -22.7548  -3.6206  12.5183   3.7234   5.0125   3.3305  -6.1166  -7.3768  -9.8398 -12.7109 -15.7502  -6.3498  -9.6797  -0.2774   1.6156  -5.0699   5.9396  -0.6997  12.2705  -1.8299   7.2029  -3.1569   1.6788   1.5017  32.9625   1.6651   0.5360   0.0435   2.8712   1.7217   2.1750   2.6070   2.4635   0.3866   0.1614   0.4710   0.3064   0.3708   0.1764   1.3812   0.6444   0.2757   0.1171   0.2361   2.1102   0.9559   0.2449   0.2437   0.0731   0.3672   1.7874   0.0860  17.4515 
46   2.1882 333 -54.5819   7.7591   8.0598 -12.6518 -27.5499 -22.9262  -3.6093  12.8223   4.2726   4.9514   3.3059  -6.1096  -7.3512  -9.8150 -12.7175 -15.9198  -6.1878  -9.7095  -0.4064   1.5926  -4.9688   5.7510  -0.5860  12.1793  -1.8233   7.1629  -2.4845   1.6326   2.0700  25.8991   1.1700   0.3515   0.0277   2.3139   4.2633   2.0949   3.0297   2.4174   0.4822   0.1745   0.3167   0.2932   0.4062   0.1805   1.1841   0.4190   0.2577   0.0987   0.2261   1.3096   0.7789   0.1797   0.1474   0.0496   0.3718   0.9581   0.0762  13.9795 
47   1.8799 325 -54.6647   7.8037   8.3436 -12.6408 -27.3154 -22.8993  -3.2345  13.2637   4.1817   4.7381   3.3743  -6.2699  -7.2667  -9.6363 -12.7426 -15.7005  -6.3123  -9.6157  -0.4180   1.5736  -4.4819   5.6799  -0.4491  12.1865  -1.7976   7.1797  -2.5942   1.6214   0.9857  18.2386   0.9920   0.3826   0.0151   2.1116   3.4889   2.2597   1.6962   2.2436   0.4112   0.1323   0.2683   0.2691   0.2246   0.1422   0.9433   0.5040   0.1761   0.0652   0.1267   1.3147   0.6381   0.1979   0.1206   0.0417   0.4551   0.6749   0.0679  16.3138 
48   1.7502 369 -54.9876   7.8775   8.3448 -12.6798 -27.3773 -23.7466  -3.2419  13.0046   4.5875   4.8712   3.4910  -6.2828  -7.3314  -9.6524 -12.7817 -15.5739  -6.3779  -9.6085  -0.3984   1.6422  -4.5801   5.4045  -0.6743  12.1624  -1.8630   7.2393  -2.4860   1.6289   0.4183  20.7034   0.7519   0.4895   0.0137   1.9026   1.9903   2.5048   1.5068   1.2600   0.4365   0.0867   0.2457   0.3479   0.2482   0.1155   0.9347   0.7572   0.1112   0.0594   0.1253   0.6809   0.4715   0.1399   0.1309   0.0467   0.2898   0.6084   0.0501  13.7462 
49   1.9834 309 -55.5810   7.6443   8.3768 -12.6999 -27.2188 -23.3485  -3.1470  12.9697   4.9049   4.6845   3.4852  -6.2294  -7.2264  -9.4462 -12.8429 -15.4456  -6.6193  -9.5373  -0.3500   1.6491  -4.4711   5.4451  -0.7491  12.1522  -1.9184   7.2569  -2.3271   1.7013   0.5166  31.5602   0.4578   0.5614   0.0177   1.7895   2.1804   1.9332   1.4636   1.4853   0.4757   0.0440   0.1973   0.2550   0.2943   0.0914   0.5391   1.0247   0.1365   0.0508   0.1116   0.4594   0.7139   0.1675   0.1247   0.0399   0.2376   0.4647   0.0597  10.5816 
